332450;791,601,9,13,;[0.93682873],
332451;791,600,9,14,;[0.9445607],
332452;791,602,9,13,;[0.9056865],
332453;790,602,10,13,;[0.89212507],
332454;791,602,9,13,;[0.9467389],
332455;791,602,9,13,;[0.9505424],
332456;789,602,10,13,;[0.96264946],
332457;791,602,9,13,;[0.95647395],
332458;790,601,10,13,;[0.94364387],
332459;790,601,10,13,;[0.9344401],
332460;790,600,10,14,;[0.93916893],
332461;790,600,10,14,;[0.9521881],
332462;790,600,10,15,;[0.9191406],
332463;790,600,10,14,;[0.94626695],
332464;791,600,9,14,;[0.95307],
332465;791,600,9,14,;[0.9457065],
332466;790,600,10,14,;[0.9021676],
332467;791,600,9,14,;[0.92466617],
332468;791,600,9,14,;[0.9338949],
332469;791,600,9,15,;[0.94952613],
332470;792,600,9,13,;[0.9603844],
332471;791,600,9,13,;[0.96076596],
332472;791,599,10,14,;[0.97066295],
332473;790,599,10,15,;[0.965506],
332474;790,599,10,14,;[0.96171606],
332475;790,599,10,14,;[0.9703129],
332476;790,599,10,14,;[0.96690154],
332477;790,599,10,14,;[0.96233225],
332478;792,599,9,14,;[0.95513666],
332479;791,599,9,14,;[0.9584643],
332480;791,599,10,14,;[0.96284926],
332481;791,598,10,14,;[0.958441],
332482;790,598,10,15,;[0.97542745],
332483;790,598,10,14,;[0.97520787],
332484;790,599,10,14,;[0.9769184],
332485;790,599,10,14,;[0.9775501],
332486;791,599,9,14,;[0.96971804],
332487;790,599,10,14,;[0.9686116],
332488;790,599,10,15,;[0.97013104],
332489;790,599,10,15,;[0.9744277],
332490;790,599,10,14,;[0.9740784],
332491;790,599,10,14,;[0.9773682],
332492;790,599,10,14,;[0.9721002],
332493;790,599,10,14,;[0.97522384],
332494;791,600,9,13,;[0.9668783],
332495;791,600,9,13,;[0.9550188],
332496;791,600,9,13,;[0.9787095],
332497;791,600,9,13,;[0.9770532],
332498;790,600,10,13,;[0.9805218],
332499;790,600,10,13,;[0.9794376],
332500;790,600,10,13,;[0.97544086],
332501;790,599,10,14,;[0.9770347],
332502;790,598,10,14,;[0.976838],
332503;790,598,10,14,;[0.9723418],
332504;790,599,10,14,;[0.9792733],
332505;790,599,10,14,;[0.9803813],
332506;790,599,9,13,;[0.9680518],
332507;790,600,9,13,;[0.9588845],
332508;790,600,10,13,;[0.97369605],
332509;790,599,10,14,;[0.9763019],
332510;789,600,10,13,;[0.9643998],
332511;789,600,10,13,;[0.95930886],
332512;789,599,11,14,;[0.97392815],
332513;790,600,10,13,;[0.9767019],
332514;789,600,10,13,;[0.95415914],
332515;789,600,10,13,;[0.9531918],
332516;789,600,10,13,;[0.9711915],
332517;789,600,10,13,;[0.9735794],
332518;789,599,10,14,;[0.95887744],
332519;789,599,10,14,;[0.9615209],
332520;790,600,9,12,;[0.96079993],
332521;790,600,9,13,;[0.9482088],
332522;789,600,10,13,;[0.9567797],
332523;789,600,10,13,;[0.95615494],
332524;790,599,9,12,;[0.9675641],
332525;790,599,9,12,;[0.95892054],
332526;791,600,9,12,;[0.89883834],
332528;790,600,9,13,;[0.8972057],
332529;790,600,9,13,;[0.9203894],
332530;790,600,9,12,;[0.9261949],
332531;790,600,9,12,;[0.9575106],
332532;791,599,9,13,;[0.9324104],
332533;791,600,9,13,;[0.9007243],
332534;790,599,9,14,;[0.83536184],
332536;790,599,9,14,;[0.8864993],
332537;790,599,9,13,;[0.95388806],
332538;791,599,9,13,;[0.89418685],
332539;790,598,8,13,;[0.90799993],
332540;790,599,8,13,;[0.9412181],
332541;790,599,8,13,;[0.952181],
332542;790,599,9,13,;[0.9423081],
332543;790,599,8,13,;[0.9078504],
332544;790,598,8,13,;[0.9501599],
332545;790,599,9,13,;[0.9496324],
332546;790,598,9,12,;[0.9254879],
332547;790,598,9,12,;[0.9349102],
332548;791,599,9,12,;[0.9413609],
332549;790,599,9,13,;[0.9441583],
332550;790,599,9,13,;[0.9585792],
332551;790,598,9,12,;[0.903414],
332552;790,599,8,13,;[0.94446033],
332553;790,599,9,12,;[0.9664705],
332554;790,599,9,13,;[0.94542605],
332555;790,599,8,12,;[0.9633456],
332556;791,599,9,12,;[0.9212185],
332557;790,600,8,12,;[0.9306291],
332558;791,599,9,13,;[0.9441958],
332559;791,599,9,12,;[0.94574785],
332560;790,599,8,12,;[0.9440934],
332561;790,599,8,12,;[0.9137894],
332562;791,599,8,12,;[0.93029445],
332563;791,599,9,12,;[0.9286271],
332565;790,599,8,12,;[0.85099024],
332566;790,599,9,12,;[0.9179167],
332567;790,598,9,12,;[0.9135783],
332568;790,599,9,12,;[0.9557383],
332569;790,599,9,12,;[0.960362],
332570;789,600,9,13,;[0.8943444],
332571;790,599,9,13,;[0.94127405],
332572;790,599,9,13,;[0.941995],
332573;790,599,9,13,;[0.93423676],
332574;790,599,9,13,;[0.9303208],
332575;790,599,9,13,;[0.9438842],
332576;789,600,8,12,;[0.90653235],
332577;790,600,9,13,;[0.9661055],
332578;790,600,9,12,;[0.9477031],
332579;790,600,9,12,;[0.94716173],
332580;790,599,9,12,;[0.9249931],
332581;790,599,9,12,;[0.9142481],
332582;789,600,9,13,;[0.9488437],
332583;789,600,9,13,;[0.94655055],
332584;789,599,9,13,;[0.9232538],
332585;789,600,9,13,;[0.9393082],
332586;790,600,9,13,;[0.88644135],
332587;790,600,9,13,;[0.9061407],
332588;790,599,9,12,;[0.95826906],
332589;789,599,10,13,;[0.93900365],
332590;790,599,9,14,;[0.9454868],
332591;790,598,9,14,;[0.9326317],
332592;790,600,9,13,;[0.9268179],
332593;790,599,9,13,;[0.89696974],
332594;790,600,9,13,;[0.96064246],
332595;790,599,9,12,;[0.96210754],
332596;789,600,9,13,;[0.9591902],
332597;789,600,9,13,;[0.92699283],
332598;789,599,9,12,;[0.86548716],
332599;789,599,9,12,;[0.894835],
332600;788,598,10,12,;[0.8044545],
332601;790,599,9,13,;[0.9095249],
332602;788,598,10,13,;[0.9383012],
332603;788,598,10,13,;[0.9365444],
332604;788,597,10,14,;[0.91489583],
332605;788,597,11,14,;[0.8756372],
332606;788,597,10,14,;[0.9508036],
332607;788,596,10,14,;[0.93781245],
332608;788,597,10,14,;[0.95472306],
332609;788,597,10,14,;[0.9530487],
332610;788,597,11,15,;[0.9392518],
332611;788,596,10,14,;[0.940123],
332612;788,598,10,14,;[0.9621883],
332613;787,597,10,14,;[0.9616139],
332614;787,597,11,15,;[0.9606433],
332615;787,596,11,15,;[0.95701814],
332616;787,597,11,15,;[0.95168626],
332617;787,597,11,15,;[0.9624614],
332618;787,597,11,13,;[0.95908904],
332619;787,597,10,13,;[0.9561444],
332620;788,596,11,16,;[0.9628961],
332621;788,597,10,15,;[0.95684916],
332622;788,596,11,15,;[0.9689123],
332623;787,596,11,14,;[0.96411085],
332624;788,596,10,14,;[0.96626586],
332625;787,596,11,15,;[0.9695513],
332626;787,596,11,15,;[0.9616443],
332627;788,596,11,14,;[0.96163785],
332628;788,596,11,16,;[0.9491205],
332629;787,597,10,15,;[0.943411],
332630;787,596,11,15,;[0.9651414],
332631;787,597,11,14,;[0.9641671],
332632;787,597,10,15,;[0.9590651],
332633;787,597,11,15,;[0.955908],
332634;788,597,10,15,;[0.95245606],
332635;788,597,10,15,;[0.95056576],
332636;788,596,10,14,;[0.9543726],
332637;788,597,10,13,;[0.95256436],
332638;787,596,11,14,;[0.9500114],
332639;787,596,10,14,;[0.95332205],
332640;787,596,10,15,;[0.9167154],
332641;787,595,11,16,;[0.93959105],
332642;787,595,10,16,;[0.9548187],
332643;787,595,10,16,;[0.9465251],
332644;787,594,11,17,;[0.96336913],
332645;787,593,11,18,;[0.95904535],
332646;787,596,10,15,;[0.94696265],
332647;786,595,10,15,;[0.96361184],
332648;787,594,10,16,;[0.9636372],
332649;787,594,11,16,;[0.95239955],
332650;787,595,10,16,;[0.9596823],
332651;787,595,11,16,;[0.9133784],
332652;785,592,12,19,;[0.94916666],
332653;786,592,11,19,;[0.9576589],
332654;786,593,11,18,;[0.92486125],
332655;786,593,11,18,;[0.8921506],
332656;786,593,11,18,;[0.94817585],
332657;787,593,11,18,;[0.9298048],
332658;785,593,12,18,;[0.9306679],
332659;785,593,12,18,;[0.93163025],
332660;786,594,11,17,;[0.9380141],
332661;786,594,12,17,;[0.92905265],
332662;786,594,10,16,;[0.9342581],
332663;786,594,10,17,;[0.94455963],
332664;786,594,10,16,;[0.95408076],
332665;786,594,11,16,;[0.9397221],
332666;787,594,10,17,;[0.9169312],
332667;787,594,10,17,;[0.90420115],
332668;786,592,10,18,;[0.93526894],
332669;786,592,10,18,;[0.9285609],
332670;787,593,9,17,;[0.9331378],
332671;786,592,10,18,;[0.935411],
332672;788,593,9,17,;[0.95396215],
332673;787,592,10,18,;[0.9593007],
332674;787,593,10,18,;[0.94584376],
332675;787,593,10,18,;[0.9604215],
332676;786,592,10,17,;[0.9450517],
332677;786,591,10,18,;[0.9454937],
332678;786,591,11,18,;[0.9489712],
332679;786,591,11,18,;[0.9407281],
332680;786,591,10,18,;[0.9364083],
332681;786,591,10,18,;[0.9302744],
332682;786,591,10,18,;[0.9488126],
332683;786,591,10,18,;[0.9561389],
332684;787,593,9,17,;[0.9510153],
332685;787,593,9,17,;[0.95929474],
332686;788,593,9,17,;[0.9512766],
332687;787,593,9,17,;[0.95141095],
332688;786,593,10,17,;[0.9642639],
332689;786,593,10,16,;[0.96510327],
332690;785,593,10,17,;[0.96788424],
332691;785,593,10,17,;[0.9537696],
332692;785,593,11,17,;[0.9672196],
332693;785,592,11,18,;[0.96555406],
332694;785,593,10,17,;[0.950679],
332695;785,593,10,17,;[0.9527732],
332696;785,591,11,18,;[0.93104815],
332697;784,591,12,18,;[0.9324049],
332698;784,592,12,18,;[0.94627404],
332699;784,593,12,17,;[0.9368455],
332700;785,592,11,18,;[0.93271255],
332701;786,592,11,19,;[0.93497694],
332702;784,593,12,17,;[0.89265907],
332703;785,593,11,17,;[0.9119306],
332704;784,592,12,18,;[0.917645],
332705;784,592,12,18,;[0.9150648],
332706;785,594,10,16,;[0.9192103],
332707;785,594,11,17,;[0.88156897],
332708;785,593,10,17,;[0.93093467],
332709;785,594,11,17,;[0.89459527],
332710;785,594,11,17,;[0.8715608],
332711;785,594,11,17,;[0.90723324],
332712;783,592,12,18,;[0.9204302],
332713;784,592,11,18,;[0.93025273],
332714;784,594,12,17,;[0.91745484],
332715;783,594,12,17,;[0.89230734],
332716;784,595,12,16,;[0.9149222],
332717;784,595,12,16,;[0.9239007],
332718;784,595,12,16,;[0.8217466],
332719;784,595,11,16,;[0.8155039],
332720;784,595,12,17,;[0.8994124],
332721;785,595,11,16,;[0.83827096],
332722;783,594,12,16,;[0.91693044],
332723;784,595,11,16,;[0.82589465],
332724;784,593,10,16,;[0.9434763],
332725;784,594,10,16,;[0.9419237],
332726;785,594,10,16,;[0.89710253],
332727;785,594,10,16,;[0.91752446],
332728;784,594,11,16,;[0.9438103],
332729;785,596,11,15,;[0.93647414],
332730;785,595,11,16,785,587,10,12,;[0.90627307],[0.80656654],
332731;785,595,11,16,;[0.89794177],
332732;784,595,11,16,;[0.9038589],
332733;785,595,11,16,;[0.9171271],
332734;785,594,11,17,;[0.8184177],
332736;783,594,12,16,;[0.8762207],
332737;785,594,11,16,;[0.8852369],
332738;785,594,10,17,;[0.85197645],
332739;785,594,11,16,;[0.8985974],
332740;784,595,11,15,;[0.90018153],
332741;785,595,11,14,;[0.88315314],
332742;784,594,11,16,;[0.8207876],
332744;784,595,11,15,;[0.8064778],
332746;784,595,10,14,;[0.82895726],
332747;784,595,10,14,;[0.8541917],
332749;784,595,11,16,;[0.8195829],
332750;784,595,11,15,;[0.84870625],
332752;783,595,12,15,;[0.8550309],
332779;783,594,12,16,;[0.8218446],
332780;784,594,11,16,;[0.8732917],
332781;784,595,11,15,;[0.9018765],
332782;782,595,12,15,783,586,10,12,;[0.88272625],[0.8349008],
332783;783,586,10,11,783,595,11,15,;[0.8569271],[0.8371383],
332784;783,595,11,15,;[0.84688866],
332785;783,595,11,15,;[0.84845275],
332786;783,594,11,14,783,586,10,12,;[0.9310629],[0.9072679],
332787;782,594,11,14,783,586,10,12,;[0.936721],[0.8772923],
332788;782,596,12,15,783,587,10,11,;[0.8969905],[0.88544476],
332789;782,596,12,15,783,587,10,11,;[0.9188663],[0.9092582],
332790;784,587,10,11,783,596,11,14,;[0.944706],[0.9047122],
332791;784,586,10,12,783,595,11,14,;[0.9375755],[0.8346905],
332792;783,586,10,13,;[0.9314322],
332793;783,585,10,14,782,594,12,15,;[0.9419008],[0.80715805],
332794;783,585,10,13,782,595,12,15,;[0.95338297],[0.86617297],
332795;783,585,10,13,782,596,12,15,;[0.95183617],[0.8666768],
332796;784,584,10,14,782,594,12,14,;[0.9546996],[0.834717],
332797;784,584,10,14,783,595,11,14,;[0.9565278],[0.8227031],
332798;784,585,10,13,783,594,12,15,;[0.9376946],[0.89361835],
332799;784,585,10,13,784,594,11,14,;[0.94978803],[0.90640724],
332800;784,586,11,13,783,594,12,16,;[0.93787205],[0.89850944],
332801;784,585,10,13,782,595,12,15,;[0.9497234],[0.9264135],
332802;784,584,10,12,783,595,11,14,;[0.95707655],[0.91636133],
332803;784,584,10,12,783,595,11,13,;[0.9627628],[0.9310624],
332804;783,584,10,12,782,594,12,14,;[0.9323951],[0.8436659],
332805;783,585,10,12,782,595,12,14,;[0.94994664],[0.821534],
332806;783,584,11,13,782,594,13,16,;[0.9417541],[0.8823875],
332807;783,584,11,13,782,595,12,15,;[0.92397344],[0.87017035],
332808;783,584,10,13,782,595,12,14,;[0.9636484],[0.8783622],
332809;783,585,11,13,782,595,12,14,;[0.9621851],[0.8434125],
332810;783,584,10,13,782,595,12,15,;[0.9476528],[0.90341115],
332811;783,584,10,13,783,595,11,15,;[0.9613189],[0.9376793],
332812;784,583,10,13,782,594,12,14,;[0.9620304],[0.89478177],
332813;783,584,10,13,783,594,11,14,;[0.95580566],[0.9070505],
332814;784,583,10,14,783,594,11,14,;[0.9637531],[0.8692918],
332815;784,585,10,13,784,595,11,13,;[0.9701561],[0.8761309],
332816;784,583,10,14,783,594,11,15,;[0.9563244],[0.9007365],
332817;784,583,10,14,783,594,11,15,;[0.9626387],[0.8832022],
332818;784,593,11,14,784,583,10,13,;[0.9024136],[0.8638361],
332819;784,594,11,14,784,583,10,13,;[0.92901844],[0.8975377],
332820;784,583,10,14,783,594,11,13,;[0.9547283],[0.89658284],
332821;784,583,10,14,783,593,11,14,;[0.9669865],[0.9333671],
332822;784,583,10,14,783,593,11,14,;[0.9309178],[0.9184719],
332823;784,584,10,14,782,593,12,15,;[0.9583954],[0.89894384],
332824;783,583,10,14,783,593,11,14,;[0.96406674],[0.925022],
332825;783,583,10,14,783,593,11,14,;[0.96700513],[0.9071697],
332826;784,582,10,14,783,593,11,14,;[0.96188277],[0.9053022],
332827;784,582,10,14,783,593,11,14,;[0.9678369],[0.8672882],
332828;783,582,10,14,781,593,12,14,;[0.9546998],[0.8597709],
332829;783,582,10,14,781,593,12,14,;[0.95434487],[0.86992484],
332830;783,581,10,14,782,595,11,14,;[0.95040905],[0.9204354],
332831;783,581,11,15,781,594,12,15,;[0.9573533],[0.9017018],
332832;783,580,11,16,781,593,12,15,;[0.9459985],[0.8246811],
332833;783,581,11,15,782,593,11,14,;[0.94126314],[0.8310549],
332834;782,580,10,14,781,594,12,14,;[0.96139324],[0.89114255],
332835;782,580,10,14,782,594,11,14,;[0.9432439],[0.90582913],
332836;782,580,10,14,781,594,11,14,;[0.96346116],[0.9260282],
332837;782,580,11,15,781,593,12,14,;[0.950669],[0.90637875],
332838;782,580,11,14,781,594,12,15,;[0.9638979],[0.94750065],
332839;782,580,11,14,781,594,12,14,;[0.9649523],[0.93730354],
332840;783,580,11,14,781,594,12,15,;[0.9684326],[0.94472224],
332841;783,580,11,15,781,594,12,15,;[0.9637503],[0.9403917],
332842;783,582,10,13,783,594,11,14,;[0.9635664],[0.92440724],
332843;783,581,10,13,782,595,11,15,;[0.9595207],[0.93527883],
332844;783,581,10,14,783,594,10,15,;[0.9540527],[0.87650824],
332845;783,581,10,15,783,593,11,15,;[0.9575973],[0.8456046],
332846;782,581,10,14,782,594,10,15,;[0.93354064],[0.899752],
332847;782,581,10,15,782,593,11,16,;[0.9485566],[0.807971],
332848;783,581,10,15,;[0.93628037],
332849;783,581,10,15,;[0.93983257],
332850;783,580,10,17,;[0.92795056],
332851;782,580,10,17,;[0.93555295],
332852;782,580,10,16,;[0.91034365],
332853;783,580,9,17,;[0.9415861],
332854;782,579,11,18,;[0.92977923],
332855;782,579,10,17,;[0.9259755],
332856;782,578,10,18,;[0.8543902],
332857;782,578,10,18,;[0.87904155],
332858;782,579,10,16,;[0.9308143],
332859;782,579,10,16,;[0.93020195],
332860;782,579,10,16,;[0.93475014],
332861;782,578,10,17,;[0.9458952],
332862;782,579,10,16,;[0.9361545],
332863;782,579,11,17,;[0.9443659],
332864;782,579,10,16,;[0.93810403],
332865;782,579,10,16,;[0.9539741],
332866;782,578,10,17,;[0.9136318],
332867;782,579,10,16,;[0.94527644],
332868;781,577,10,19,;[0.91285366],
332869;782,577,10,19,;[0.9304198],
332870;782,579,10,17,;[0.95754063],
332871;781,578,10,19,;[0.9051525],
332872;781,578,10,18,;[0.9173874],
332874;781,579,10,17,;[0.89110804],
332875;781,579,10,17,;[0.83380026],
332876;780,579,10,17,;[0.86428386],
332877;781,578,11,18,;[0.8197588],
332878;781,579,10,18,;[0.8964348],
332879;781,579,10,17,;[0.8877282],
332880;780,577,11,19,;[0.87643534],
332881;780,577,11,19,;[0.85706866],
332882;780,578,11,19,;[0.89651287],
332884;781,578,11,19,;[0.90671074],
332885;781,578,11,19,;[0.88857085],
332886;780,577,11,18,;[0.8555191],
332887;779,577,12,18,;[0.8527869],
332888;780,579,10,18,;[0.933288],
332889;780,579,10,18,;[0.93345207],
332890;780,579,11,18,;[0.83397037],
332891;780,579,11,18,;[0.85041094],
332892;780,580,10,18,;[0.8452116],
332896;780,581,11,18,;[0.8078593],
332902;782,574,9,13,;[0.9134131],
332903;782,574,9,13,;[0.9045923],
332904;782,575,9,13,;[0.8771768],
332905;781,574,9,13,;[0.84772617],
332906;780,582,11,17,;[0.87889284],
332907;780,581,11,17,;[0.8482799],
332908;779,584,12,16,781,575,9,13,;[0.92070514],[0.88004446],
332909;780,583,11,16,781,575,9,13,;[0.93932956],[0.8676689],
332910;780,583,11,16,782,575,9,13,;[0.8756656],[0.858548],
332911;781,574,9,13,;[0.9156983],
332912;782,574,9,13,780,586,11,15,;[0.9347394],[0.88806826],
332913;782,574,8,12,780,586,10,14,;[0.9304297],[0.88607705],
332914;779,584,12,16,782,574,9,12,;[0.94284195],[0.9283503],
332915;781,574,9,12,779,585,12,15,;[0.93060994],[0.9109556],
332916;781,574,9,13,780,586,11,14,;[0.94211847],[0.80586445],
332917;781,574,9,13,780,586,11,14,;[0.9382996],[0.9023805],
332918;782,574,9,13,;[0.9395529],
332919;782,573,9,13,780,586,11,15,;[0.92513627],[0.89195037],
332920;780,585,11,15,782,574,9,13,;[0.9548943],[0.95103717],
332921;782,573,9,13,780,586,11,14,;[0.9558495],[0.94966614],
332922;781,573,9,12,780,587,11,13,;[0.96229887],[0.93697625],
332923;781,572,9,12,780,586,11,14,;[0.95959175],[0.8859657],
332924;781,573,9,13,779,586,12,14,;[0.9599098],[0.9408118],
332925;780,573,10,13,779,586,12,15,;[0.97072774],[0.9105563],
332926;781,572,8,13,779,586,10,14,;[0.94713765],[0.9402092],
332927;779,586,10,14,781,572,8,12,;[0.9633279],[0.93805194],
332928;779,586,11,14,781,572,8,12,;[0.9410763],[0.92748815],
332929;780,572,9,13,779,586,11,15,;[0.95064396],[0.8770825],
332930;779,585,11,15,781,572,9,13,;[0.9421362],[0.9259291],
332931;779,585,11,15,781,572,9,13,;[0.94080734],[0.93515784],
332932;779,586,10,14,781,572,8,13,;[0.94359404],[0.93451154],
332933;779,585,10,15,780,571,8,13,;[0.94801974],[0.92494816],
332934;779,586,11,15,780,571,8,13,;[0.9203396],[0.8809778],
332935;779,586,10,15,780,571,8,12,;[0.94131714],[0.8589964],
332936;779,584,10,15,780,572,8,13,;[0.94433916],[0.8480845],
332937;779,584,11,15,780,571,8,13,;[0.952304],[0.8291],
332938;779,583,10,16,;[0.93841785],
332939;779,584,10,15,;[0.93826497],
332940;778,584,11,15,;[0.9270368],
332941;778,585,11,15,;[0.93674433],
332942;778,585,11,15,;[0.8462117],
332943;778,585,11,15,;[0.85977083],
332944;778,585,10,15,;[0.85596174],
332945;778,585,10,14,;[0.8835691],
332946;778,586,10,15,;[0.89846706],
332947;778,585,11,14,;[0.90742815],
332948;778,585,11,14,;[0.9288646],
332949;778,585,10,14,;[0.8776675],
332950;778,585,10,13,;[0.89197093],
332951;777,584,11,16,;[0.83149004],
332952;778,583,10,16,;[0.848796],
332953;778,584,10,14,;[0.84147954],
332954;776,583,12,17,;[0.8918939],
332955;778,584,11,14,;[0.8446023],
332956;778,584,11,14,;[0.8924095],
332957;776,585,13,16,;[0.8319763],
332958;778,585,11,13,;[0.88941765],
332959;778,585,10,14,;[0.8787746],
332960;776,584,12,16,;[0.87189597],
332961;776,583,13,16,;[0.88244635],
332962;778,585,11,14,;[0.8309496],
332963;776,582,13,16,;[0.846755],
332964;778,585,11,14,;[0.8884555],
332965;777,585,12,14,;[0.89771247],
332966;778,585,11,14,;[0.87487304],
332967;778,584,11,14,;[0.85864586],
332968;778,585,10,13,;[0.90807885],
332969;778,585,11,14,;[0.85333747],
332970;778,583,11,14,;[0.88391143],
332971;778,583,11,14,;[0.8184117],
332972;778,585,11,14,;[0.8420024],
332973;776,584,12,17,;[0.91365224],
332974;777,584,12,14,777,566,11,15,;[0.8311458],[0.80266273],
332975;777,585,12,14,;[0.86953],
332976;778,585,11,13,777,565,11,14,;[0.8403021],[0.8171388],
332977;777,585,12,13,776,565,12,14,;[0.86832565],[0.81192815],
332978;777,583,11,16,777,565,11,15,;[0.93758315],[0.85582995],
332979;777,583,11,16,777,565,11,15,;[0.91923815],[0.8105391],
332980;776,583,12,16,777,565,11,15,;[0.94130003],[0.8459313],
332981;777,582,11,16,;[0.8601405],
332982;778,583,10,14,;[0.85201097],
332983;778,585,10,13,;[0.8740651],
332984;776,583,12,17,;[0.85773224],
332985;776,583,12,17,;[0.9066165],
332986;778,584,11,15,;[0.83837366],
332987;778,584,11,15,;[0.8454778],
332988;776,582,12,17,;[0.91690063],
332989;777,583,11,17,;[0.9147516],
332990;776,582,12,19,;[0.9204394],
332991;776,581,12,18,;[0.9401009],
332992;776,582,12,18,776,561,12,18,;[0.96777725],[0.8764075],
332993;776,582,11,18,776,561,12,18,;[0.9527908],[0.8171251],
332994;776,580,11,19,;[0.9393326],
332995;776,580,11,18,;[0.92132205],
332996;777,581,11,18,;[0.9382264],
332997;776,581,11,18,;[0.9513597],
332998;776,579,11,20,;[0.9678891],
332999;776,580,11,19,;[0.96437144],
333000;776,581,11,19,;[0.9730032],
333001;776,581,11,19,776,561,11,19,;[0.9744288],[0.8064193],
333002;776,580,11,19,;[0.95341426],
333003;776,580,11,19,;[0.9525633],
333004;776,582,11,17,776,563,11,17,;[0.96774197],[0.86441344],
333005;776,581,10,18,776,563,11,17,;[0.96560866],[0.86000335],
333006;776,581,11,19,776,562,11,19,;[0.9653073],[0.8259116],
333007;776,581,11,19,;[0.95621103],
333008;776,581,11,19,;[0.94538915],
333009;776,581,10,18,;[0.95781237],
333010;775,581,12,18,775,561,12,18,;[0.9672712],[0.8301193],
333011;775,580,12,18,;[0.96770144],
333012;776,582,11,17,776,562,11,17,;[0.9767646],[0.8252803],
333013;776,582,11,17,;[0.97616225],
333014;776,581,11,18,776,561,11,18,;[0.9786188],[0.8281291],
333015;776,581,11,18,;[0.9778028],
333016;776,580,11,19,;[0.96602184],
333017;775,581,12,18,;[0.96461254],
333018;776,582,11,16,775,562,12,17,;[0.9661183],[0.89779735],
333019;776,581,11,16,775,562,12,17,;[0.97354203],[0.87268376],
333020;775,582,12,17,775,561,12,18,;[0.96798015],[0.911041],
333021;775,583,12,17,775,560,12,18,;[0.97558564],[0.8447286],
333022;775,581,12,18,775,560,12,18,;[0.98345345],[0.8529236],
333023;776,582,11,17,;[0.9839991],
333024;776,580,11,18,;[0.9863901],
333025;776,581,11,18,;[0.98341554],
333026;776,581,11,17,;[0.9747888],
333027;776,581,11,17,;[0.97736275],
333028;775,581,12,19,;[0.9770986],
333029;776,579,11,18,;[0.9808549],
333030;775,580,12,19,776,560,10,17,;[0.9688911],[0.8698561],
333031;775,580,12,19,776,560,10,16,;[0.9740464],[0.8010686],
333032;775,580,12,20,;[0.9761026],
333033;775,579,12,20,776,560,10,17,;[0.97116363],[0.8014968],
333034;774,580,12,20,;[0.9622719],
333035;775,579,12,20,776,559,10,17,;[0.9411754],[0.8385235],
333036;776,578,13,19,777,560,10,15,;[0.9182107],[0.8161745],
333037;775,578,13,19,777,560,10,15,;[0.93948597],[0.8067265],
333038;775,578,13,20,776,559,10,17,;[0.9530383],[0.8785199],
333039;776,559,10,17,775,576,13,20,;[0.94706184],[0.9455397],
333040;775,577,13,20,777,559,10,17,;[0.95292234],[0.9082635],
333041;775,576,13,20,777,559,10,17,;[0.9532857],[0.91433966],
333042;775,576,13,21,777,559,11,17,;[0.9513478],[0.8917844],
333043;775,576,13,21,776,559,11,16,;[0.96948624],[0.94793355],
333044;775,577,13,19,777,559,11,16,;[0.95190954],[0.92901736],
333045;775,577,13,20,777,559,11,16,;[0.9624687],[0.9380977],
333046;776,577,13,19,777,558,11,16,;[0.9613172],[0.96007603],
333047;775,577,13,19,776,559,11,16,;[0.9616924],[0.96153367],
333048;775,576,13,19,776,559,11,16,;[0.9745051],[0.96530277],
333049;775,577,13,19,776,559,11,16,;[0.9798175],[0.97107095],
333050;776,558,11,16,775,576,13,19,;[0.9820382],[0.97233313],
333051;776,559,11,15,775,576,13,19,;[0.9818924],[0.9749549],
333052;776,558,11,16,775,575,13,19,;[0.97879946],[0.96565074],
333053;776,558,11,16,775,575,12,19,;[0.98248637],[0.9648365],
333054;775,558,11,16,774,576,13,18,;[0.9845963],[0.9770151],
333055;775,558,11,16,775,575,13,18,;[0.9856942],[0.95239013],
333056;775,557,11,16,775,575,13,19,;[0.9831776],[0.957876],
333057;775,557,11,16,775,574,13,18,;[0.98320806],[0.9521427],
333058;775,556,11,17,775,574,13,19,;[0.98898935],[0.96150696],
333059;775,556,11,17,773,575,14,19,;[0.9873548],[0.9680816],
333060;775,556,11,16,775,574,13,19,;[0.98510194],[0.9091039],
333061;774,556,12,17,774,574,14,19,;[0.9840465],[0.8587652],
333062;773,556,12,16,773,574,14,18,;[0.98496205],[0.9048649],
333063;773,555,12,16,773,574,14,18,;[0.98557717],[0.84050024],
333064;773,555,12,17,773,574,14,18,;[0.98739743],[0.85923487],
333065;773,555,12,17,773,574,14,19,;[0.9853984],[0.8510692],
333066;773,554,12,17,773,573,15,18,;[0.9860553],[0.8056824],
333067;773,555,12,17,773,574,15,18,;[0.9815844],[0.93785864],
333068;773,554,12,17,774,574,13,20,;[0.98170656],[0.9041043],
333069;773,554,12,17,773,573,14,20,;[0.98168623],[0.9107049],
333070;773,554,12,17,772,574,14,19,;[0.97801393],[0.8829848],
333071;773,553,12,16,773,573,14,20,;[0.9812354],[0.88844675],
333072;773,554,12,16,;[0.9788477],
333073;774,554,11,16,773,574,13,18,;[0.9777468],[0.82839453],
333074;773,554,12,16,773,572,12,19,;[0.98195285],[0.8267754],
333075;773,553,12,17,773,572,12,19,;[0.981419],[0.8502099],
333076;773,553,11,16,773,572,12,18,;[0.97321427],[0.9220609],
333077;773,553,11,16,773,572,12,19,;[0.9709675],[0.85430306],
333078;773,554,11,15,774,573,11,17,;[0.9732667],[0.86805934],
333079;773,554,11,15,;[0.9697684],
333080;773,552,11,16,773,572,11,18,;[0.9476276],[0.8994429],
333081;773,552,11,16,772,572,12,19,;[0.9607379],[0.8734492],
333082;773,552,11,16,772,572,12,18,;[0.9765712],[0.88529223],
333083;772,553,11,15,772,573,11,17,;[0.9731019],[0.8754905],
333084;772,552,12,16,772,572,12,19,;[0.9687895],[0.85861963],
333085;771,552,12,17,;[0.9696291],
333086;771,549,12,21,;[0.95444053],
333087;771,550,12,19,;[0.9446068],
333088;771,551,13,18,772,574,12,18,;[0.9726733],[0.8240766],
333089;771,550,13,19,;[0.9697024],
333090;771,550,13,19,;[0.9760601],
333091;771,550,13,19,;[0.97169036],
333092;771,549,13,21,;[0.96492696],
333093;770,548,13,21,;[0.96938765],
333094;769,545,14,25,771,568,12,24,;[0.95059],[0.8643814],
333095;769,545,14,24,771,568,12,24,;[0.9537387],[0.82750463],
333096;770,569,12,23,770,545,13,24,;[0.92403877],[0.896498],
333097;771,569,12,21,771,546,13,22,;[0.9656204],[0.8870601],
333098;769,546,14,22,771,569,12,22,;[0.94554156],[0.92401636],
333099;770,568,12,23,769,545,14,24,;[0.89768434],[0.87628406],
333100;770,568,12,22,770,546,13,23,;[0.94539464],[0.85326314],
333101;770,568,12,22,;[0.9688839],
333102;770,569,13,21,;[0.9707352],
333103;770,569,13,21,769,544,14,24,;[0.96961427],[0.8635467],
333104;769,568,13,21,;[0.9832439],
333105;769,569,12,20,;[0.97817546],
333106;769,569,13,21,;[0.97091436],
333107;769,567,13,22,;[0.9820452],
333108;769,567,13,21,;[0.98603415],
333109;769,567,12,21,;[0.9863919],
333110;769,568,13,21,;[0.9843879],
333111;769,567,13,21,;[0.98400325],
333112;769,567,13,20,769,545,12,17,;[0.9828994],[0.8186768],
333113;769,568,12,19,769,545,13,17,;[0.98459727],[0.9068263],
333114;769,567,12,20,769,545,12,16,;[0.9860507],[0.85628814],
333115;769,567,12,20,769,545,13,17,;[0.9820996],[0.9034266],
333116;769,566,12,21,770,545,11,16,;[0.9824306],[0.86508304],
333117;769,567,12,21,769,546,12,15,;[0.9786815],[0.91743207],
333118;768,566,13,20,769,544,12,16,;[0.9751781],[0.95315486],
333119;768,566,13,20,769,544,13,16,;[0.97434986],[0.9582987],
333120;768,565,13,20,768,544,13,16,;[0.97433335],[0.96023804],
333121;768,565,13,20,768,543,13,16,;[0.9745535],[0.96858263],
333122;767,544,14,16,766,566,14,21,;[0.96811897],[0.96762615],
333123;768,543,13,16,767,565,13,20,;[0.97262925],[0.9598408],
333124;767,564,13,20,768,543,13,16,;[0.9694872],[0.96738553],
333125;768,543,13,16,767,565,13,21,;[0.9720731],[0.96625346],
333126;767,541,13,17,766,565,14,21,;[0.97031796],[0.9693374],
333127;766,540,14,18,767,565,13,20,;[0.9788498],[0.9735059],
333128;766,540,14,18,767,564,13,21,;[0.98401046],[0.9738299],
333129;766,540,14,19,766,564,14,21,;[0.981886],[0.97239286],
333130;766,540,15,18,767,564,13,19,;[0.9813592],[0.97105247],
333131;767,563,13,20,766,539,14,19,;[0.9701863],[0.9691364],
333132;766,539,14,18,767,564,12,19,;[0.9716428],[0.9704036],
333133;767,563,13,19,766,539,14,18,;[0.9791005],[0.975043],
333134;765,538,14,18,767,563,13,21,;[0.9714755],[0.96933997],
333135;765,538,14,19,767,563,13,20,;[0.9728181],[0.97252756],
333136;767,563,13,21,765,538,14,18,;[0.9599089],[0.9579273],
333137;767,562,13,20,766,538,13,18,;[0.96589696],[0.9650948],
333138;765,538,15,19,765,562,14,20,;[0.97555256],[0.9688065],
333139;765,538,15,19,765,563,14,19,;[0.9780095],[0.96336555],
333140;765,537,14,19,766,563,13,19,;[0.9773214],[0.9711221],
333141;764,538,14,19,766,563,13,19,;[0.9717456],[0.9649281],
333142;764,536,14,20,766,562,12,20,;[0.969548],[0.96197665],
333143;764,536,14,21,766,563,12,19,;[0.9676078],[0.9629917],
333144;764,536,15,21,766,563,13,19,;[0.9743269],[0.9699944],
333145;764,535,14,20,766,563,13,19,;[0.9698462],[0.9695901],
333146;763,533,16,22,766,563,13,19,;[0.9779816],[0.9757352],
333147;764,534,14,20,766,563,12,17,;[0.9804732],[0.9747146],
333148;764,535,15,19,767,563,11,17,;[0.9775292],[0.9733943],
333149;763,534,15,20,766,562,12,18,;[0.97924906],[0.9641556],
333150;763,532,15,23,765,562,13,18,;[0.9668238],[0.9653179],
333151;763,533,15,21,765,563,12,17,;[0.96466064],[0.9414397],
333152;763,534,15,20,765,562,13,18,;[0.9610557],[0.9513582],
333153;763,534,15,21,765,562,13,18,;[0.9673666],[0.93493813],
333154;762,533,16,21,764,562,12,18,;[0.97319126],[0.94223446],
333155;763,534,15,21,764,562,12,18,;[0.970309],[0.94136226],
333156;761,531,16,22,763,561,12,19,;[0.9483361],[0.87463534],
333157;763,531,15,22,764,561,11,19,;[0.9202976],[0.882105],
333158;762,533,15,21,763,560,11,20,;[0.9396229],[0.86315477],
333159;761,533,15,21,762,560,11,20,;[0.9228719],[0.83238226],
333160;762,531,15,22,763,561,10,18,;[0.92883927],[0.8829523],
333161;760,531,16,22,763,561,10,19,;[0.9104754],[0.8480361],
333162;761,530,15,22,;[0.84635425],
333163;762,530,13,18,;[0.87208694],
333164;761,530,14,19,;[0.8946532],
333165;761,530,14,19,;[0.94360703],
333166;762,531,13,17,;[0.9541926],
333167;762,529,13,19,761,556,12,20,;[0.9353386],[0.834308],
333168;762,556,11,19,762,529,12,18,;[0.94500995],[0.9434436],
333169;762,529,12,19,762,556,11,19,;[0.9562579],[0.9414535],
333170;762,528,13,19,760,556,12,19,;[0.9466479],[0.9377372],
333171;762,527,12,21,761,555,12,20,;[0.96508414],[0.9236143],
333172;762,527,12,21,759,556,12,19,;[0.976074],[0.9633211],
333173;762,526,12,20,760,555,12,20,;[0.97326314],[0.955853],
333174;761,526,13,21,759,556,12,19,;[0.9826803],[0.97120714],
333175;761,526,13,21,759,556,12,19,;[0.9834117],[0.9638864],
333176;759,524,14,23,758,555,13,20,;[0.98179007],[0.9474067],
333177;759,524,14,22,759,555,12,21,;[0.98118305],[0.9080981],
333178;759,524,14,22,758,554,12,22,;[0.9694157],[0.9595531],
333179;759,525,14,21,758,555,12,21,;[0.9658336],[0.95514125],
333180;758,524,15,21,758,554,12,22,;[0.96878237],[0.92619264],
333181;758,524,15,21,758,554,12,22,;[0.9709872],[0.9070998],
333182;758,523,15,22,758,554,12,22,;[0.9745723],[0.9384155],
333183;757,523,16,22,758,555,12,22,;[0.96962255],[0.92710185],
333184;758,523,15,22,758,554,12,24,;[0.96741724],[0.8948458],
333185;756,522,16,23,758,553,12,25,;[0.9567093],[0.9068957],
333186;756,522,14,22,758,554,11,22,;[0.9444475],[0.9172899],
333187;756,522,14,22,758,554,11,22,;[0.9487983],[0.9174557],
333188;757,522,14,22,757,554,11,22,;[0.96547824],[0.93341964],
333189;756,523,15,21,757,554,10,20,;[0.9674294],[0.9529786],
333190;756,522,14,21,757,553,11,22,;[0.9676806],[0.90413356],
333191;756,521,14,22,756,553,11,23,;[0.9664093],[0.8847631],
333192;756,521,12,20,756,554,10,22,;[0.95788074],[0.84476817],
333193;756,520,13,22,756,554,11,23,;[0.9687868],[0.8741501],
333194;755,519,14,23,756,553,11,22,;[0.9737986],[0.9147539],
333195;754,518,14,22,755,554,10,21,;[0.9722378],[0.92127657],
333196;755,518,14,22,756,553,11,21,;[0.98059183],[0.92860496],
333197;754,518,14,22,756,553,11,20,;[0.98243076],[0.9596618],
333198;754,519,15,23,755,554,11,21,;[0.9782462],[0.93938255],
333199;754,518,14,23,755,552,11,22,;[0.97802365],[0.952125],
333200;753,517,15,24,755,552,11,20,;[0.97699505],[0.94733703],
333201;753,518,14,22,755,551,10,21,;[0.9571729],[0.9443815],
333202;754,517,14,23,755,551,10,20,;[0.97205555],[0.97008234],
333203;755,551,11,20,754,516,14,22,;[0.97170085],[0.9618563],
333204;753,515,14,24,754,550,11,21,;[0.9621455],[0.9471496],
333205;754,551,11,21,753,514,15,24,;[0.94403607],[0.92860514],
333206;754,549,11,22,754,517,12,17,;[0.93988794],[0.9232674],
333207;754,549,11,23,754,516,12,18,;[0.9319773],[0.92378205],
333208;754,516,12,17,754,549,11,23,;[0.9668358],[0.91973567],
333209;754,515,12,19,754,549,10,22,;[0.9521449],[0.826486],
333210;754,515,13,19,754,550,10,21,;[0.971618],[0.91553223],
333211;754,515,13,18,754,549,10,21,;[0.96860623],[0.8759479],
333212;754,513,11,18,753,548,11,22,;[0.9725441],[0.90276635],
333213;753,512,13,20,753,547,11,22,;[0.9773343],[0.9024798],
333214;754,514,10,16,753,547,11,22,;[0.9621908],[0.800289],
333215;754,514,10,16,;[0.95694363],
333216;754,513,11,17,;[0.9625598],
333217;754,513,10,17,751,546,13,24,;[0.94956255],[0.8210308],
333218;753,510,11,21,751,546,13,24,;[0.9254766],[0.8495708],
333219;752,511,12,19,;[0.9180072],
333220;750,506,15,26,;[0.92885077],
333221;752,509,13,21,;[0.88352346],
333222;751,507,14,23,;[0.90858513],
333223;750,505,15,25,;[0.9411663],
333224;749,504,16,24,749,544,13,25,;[0.95583874],[0.82374024],
333225;749,506,16,21,750,539,13,25,;[0.94382334],[0.9201451],
333226;748,503,17,25,748,540,15,24,;[0.9626362],[0.9312865],
333227;747,502,18,25,748,541,15,22,;[0.96271676],[0.8591014],
333228;747,504,17,22,748,539,15,25,;[0.97469103],[0.9593198],
333229;747,503,19,23,748,538,15,24,;[0.9712082],[0.96420616],
333230;745,502,20,24,746,538,16,24,;[0.9703365],[0.9634911],
333231;746,538,17,25,745,501,21,25,;[0.9691873],[0.968393],
333232;745,538,17,25,744,501,20,24,;[0.969975],[0.95406806],
333233;745,537,17,24,744,501,20,24,;[0.9619354],[0.9568359],
333234;744,500,20,26,745,538,17,25,;[0.93121123],[0.91907156],
333235;745,538,17,23,744,500,20,25,;[0.94687045],[0.89402866],
333236;746,538,17,23,747,502,15,19,;[0.9585966],[0.90079385],
333237;746,500,16,21,745,537,17,24,;[0.9756739],[0.91789746],
333238;746,500,17,21,745,537,16,23,;[0.9868542],[0.94235253],
333239;745,500,17,21,745,537,16,23,;[0.98443884],[0.93360174],
333240;745,498,17,22,745,536,17,22,;[0.9877749],[0.89607704],
333241;746,497,17,22,743,536,18,22,;[0.99338776],[0.9310258],
333242;746,494,16,25,745,535,17,24,;[0.9900114],[0.8677783],
333243;746,495,17,23,;[0.98894554],
333244;743,492,20,27,;[0.9901184],
333245;744,493,19,25,;[0.9877694],
333246;744,492,18,25,;[0.9838193],
333247;743,491,19,28,;[0.9880883],
333248;743,492,19,24,;[0.97622585],
333249;742,489,19,29,;[0.9859797],
333250;741,489,19,29,;[0.9832505],
333251;742,488,19,29,;[0.972215],
333252;742,487,18,26,;[0.96575874],
333253;742,487,18,28,;[0.94825095],
333254;741,485,21,31,;[0.91861326],
333255;742,484,19,30,;[0.86745703],
333256;741,483,20,33,;[0.898054],
333257;740,482,21,33,;[0.8786517],
333259;740,485,20,23,;[0.91828096],
333260;740,484,21,25,;[0.95300764],
333261;740,484,19,23,;[0.9699128],
333262;740,482,21,25,740,523,20,28,;[0.9818074],[0.8088478],
333263;740,481,20,25,740,523,20,28,;[0.98513263],[0.8333696],
333264;739,480,20,25,;[0.9758998],
333265;741,478,19,27,;[0.9806428],
333266;737,476,22,30,739,523,19,28,;[0.98754],[0.8142753],
333267;738,476,20,28,739,521,19,32,;[0.981027],[0.86131847],
333268;737,474,21,32,739,521,18,28,;[0.98699516],[0.8730741],
333269;737,474,21,33,738,521,19,28,;[0.9795301],[0.8992919],
333270;736,471,23,36,;[0.97626823],
333271;736,469,23,37,;[0.97070324],
333272;735,468,22,38,;[0.94790435],
333273;735,467,22,41,;[0.9586152],
333274;735,467,23,40,736,518,19,31,;[0.98028046],[0.9538634],
333275;735,468,21,39,736,516,19,34,;[0.9508448],[0.80331653],
333276;735,469,21,35,735,515,19,32,;[0.9661756],[0.9182003],
333277;735,468,23,33,;[0.84389436],
333278;735,467,20,28,735,515,17,31,;[0.959041],[0.90704644],
333279;735,467,20,28,734,514,17,30,;[0.9720751],[0.90164983],
333280;735,466,20,28,733,512,18,34,;[0.96560144],[0.852508],
333281;734,464,21,30,;[0.9659237],
333282;732,463,22,35,;[0.92134947],
333283;732,462,23,34,;[0.9679482],
333284;733,463,21,31,;[0.95156395],
333285;733,461,21,33,;[0.9734214],
333286;733,459,21,35,;[0.8781381],
333287;733,460,21,30,;[0.92635596],
333288;733,460,19,28,;[0.97735435],
333289;731,457,20,31,;[0.97508866],
333290;729,455,22,33,;[0.96973175],
333291;729,454,23,35,;[0.9652547],
333298;727,447,20,34,;[0.8850674],
333299;727,447,21,29,;[0.94230723],
333300;726,446,22,31,;[0.9437449],
333301;725,444,22,32,;[0.85162294],
333306;724,435,20,32,;[0.8430361],
333307;724,432,19,34,;[0.91289485],
333308;723,426,21,40,;[0.8541908],
333310;716,420,30,52,;[0.9341735],
333311;716,421,30,50,;[0.9533537],
333312;716,420,29,51,;[0.9562968],
333313;716,419,28,50,;[0.933051],
333314;717,422,28,40,;[0.84489214],
333315;717,422,27,43,;[0.8308617],
333316;715,420,28,48,;[0.90787214],
333319;715,406,26,57,;[0.93132305],
333320;715,405,27,60,;[0.8461084],
333321;713,405,29,61,;[0.8518712],
333324;710,405,30,53,;[0.8789473],
333325;709,398,30,61,;[0.830986],
333326;710,395,28,59,;[0.8715381],
333330;705,395,32,59,;[0.8410565],
333334;702,390,32,58,;[0.92347884],
333335;701,389,34,58,;[0.91551936],
333336;700,387,34,58,;[0.9246094],
333337;699,384,35,61,;[0.9012433],
333338;695,374,38,68,;[0.96019155],
333339;696,369,37,72,;[0.9457149],
333340;695,364,38,76,;[0.903729],
333341;694,363,39,76,;[0.9297076],
333343;694,366,35,68,;[0.8954003],
333344;690,357,40,75,;[0.9624587],
333345;689,359,41,71,;[0.96619546],
333346;688,363,41,63,;[0.98417765],
333347;687,361,40,63,;[0.97401077],
333348;685,357,43,65,;[0.9856633],
333349;683,358,44,62,;[0.98829556],
333350;684,356,43,62,;[0.9789926],
333351;682,355,43,62,;[0.9802197],
333352;681,347,41,69,;[0.9883904],
333353;681,347,41,66,;[0.9893906],
333354;679,339,42,71,;[0.9811969],
333355;679,336,41,72,;[0.9801746],
333356;679,337,40,69,;[0.9713134],
333357;676,338,43,65,;[0.9846735],
333358;675,331,43,71,;[0.98695844],
333359;673,328,43,71,;[0.9884753],
333360;672,328,45,68,;[0.98779684],
333361;673,326,42,66,;[0.967584],
333362;666,325,48,64,;[0.9559051],
333363;663,316,50,73,;[0.98801535],
333364;663,315,48,70,;[0.988426],
333365;664,313,44,71,;[0.98591834],
333366;662,310,44,70,;[0.9854889],
333367;659,308,49,69,655,399,50,62,;[0.9651283],[0.87918067],
333368;652,298,54,78,654,396,50,66,;[0.99110943],[0.844016],
333369;656,298,49,74,;[0.9907366],
333370;656,296,47,73,652,383,50,74,;[0.98547304],[0.8448899],
333371;654,293,49,73,651,382,50,71,;[0.9898468],[0.8705399],
333372;652,287,49,76,650,380,48,73,;[0.9885552],[0.81390023],
333373;647,279,54,82,648,376,49,76,;[0.9885445],[0.892543],
333374;645,277,55,79,;[0.9888991],
333375;643,265,58,89,646,375,49,72,;[0.9927924],[0.8081198],
333376;642,265,54,86,;[0.9920784],
333377;641,268,53,79,638,366,55,75,;[0.985507],[0.87000346],
333378;639,263,52,82,637,362,57,76,;[0.9857598],[0.8914587],
333379;635,257,57,89,635,358,57,82,;[0.9918769],[0.8882165],
333380;635,250,54,92,;[0.9913315],
333381;630,241,61,96,630,352,58,84,;[0.9828341],[0.81716895],
333382;628,238,61,95,630,347,57,87,;[0.97913456],[0.82998127],
333383;626,235,62,91,;[0.9790133],
333384;624,230,60,88,;[0.9903231],
333385;626,228,52,85,;[0.98073596],
333386;620,217,58,94,;[0.9874657],
333387;616,212,62,93,;[0.9783584],
333388;611,204,67,101,;[0.98347956],
333389;612,202,62,95,;[0.98395354],
333390;608,194,64,98,;[0.98585296],
333391;601,189,70,99,;[0.98625374],
333392;599,181,71,101,;[0.98069334],
333393;596,172,73,106,596,300,71,92,;[0.98648244],[0.9099207],
333394;594,167,71,103,;[0.9847451],
333395;590,155,72,112,;[0.98530775],
333396;586,151,74,107,;[0.99336684],
333397;585,141,73,112,;[0.989871],
333398;579,135,77,112,;[0.99567705],
333399;576,129,76,110,574,259,80,113,;[0.9941132],[0.82964814],
333400;570,119,82,110,570,258,84,105,;[0.98876816],[0.90372187],
333401;568,111,83,114,566,254,86,108,;[0.991858],[0.9670384],
333402;566,99,78,118,567,243,70,113,;[0.9930751],[0.94300395],
333403;559,86,85,120,556,234,81,120,;[0.9951411],[0.8983604],
333404;554,77,88,124,551,225,85,125,;[0.9948698],[0.96509004],
333405;549,66,88,128,548,214,87,131,;[0.9941945],[0.9096448],
333406;545,56,89,126,541,203,90,136,;[0.99409586],[0.8810903],
333407;541,40,92,138,542,197,86,134,;[0.99439216],[0.95160437],
333408;534,33,96,134,531,185,95,144,;[0.9902896],[0.8857152],
333409;532,21,93,132,524,173,98,152,;[0.99085855],[0.92461276],
333410;522,7,102,142,523,165,94,154,;[0.995696],[0.8793071],
333411;515,5,107,132,516,159,98,147,;[0.9924291],[0.9822466],
333412;509,0,106,126,509,149,101,152,;[0.9824039],[0.9249426],
333413;502,3,110,109,502,136,104,159,;[0.96754],[0.9629224],
333414;499,2,106,99,495,126,107,163,;[0.98503876],[0.95881176],
333415;494,1,106,88,487,118,109,163,;[0.9916007],[0.9005781],
333416;487,2,108,73,;[0.99216956],
333417;480,0,108,62,474,93,112,166,;[0.9909353],[0.9711572],
333418;466,1,119,47,;[0.99242806],
333419;456,0,121,34,459,70,119,171,;[0.991396],[0.9478417],
333420;463,0,102,20,447,52,123,179,;[0.9578581],[0.8561766],