D:\python\python.exe C:/Users/Administrator/PycharmProjects/leetcode/opencv-tarin330/singallump_extract.py
[73721, 882, 604, 18, 20]
[73722, 882, 604, 18, 20]
[73723, 880, 604, 19, 20]
[73724, 879, 604, 19, 19]
[73725, 879, 604, 19, 20]
[73726, 878, 604, 19, 19]
[73727, 878, 604, 19, 20]
[73728, 881, 605, 18, 19]
[73729, 878, 604, 19, 20]
[73730, 878, 604, 19, 20]
[73731, 879, 604, 19, 20]
[73732, 878, 604, 19, 20]
[73733, 877, 604, 19, 20]
[73734, 879, 604, 18, 19]
[73735, 877, 604, 19, 20]
[73736, 877, 605, 19, 20]
[73737, 877, 604, 19, 20]
[73738, 877, 604, 19, 20]
[73739, 877, 604, 19, 20]
[73740, 877, 604, 19, 20]
[73741, 877, 604, 19, 20]
[73742, 877, 605, 19, 20]
[73743, 877, 604, 19, 20]
[73744, 877, 604, 19, 20]
[73745, 877, 604, 19, 20]
[73746, 877, 604, 19, 20]
[73747, 877, 604, 19, 19]
[73748, 877, 606, 19, 20]
[73749, 877, 604, 19, 21]
[73750, 877, 604, 19, 21]
[73751, 877, 606, 19, 20]
[73752, 878, 604, 19, 21]
[73753, 877, 604, 19, 21]
[73754, 877, 604, 19, 21]
[73755, 877, 604, 19, 20]
[73756, 877, 605, 19, 21]
[73757, 878, 604, 19, 21]
[73758, 877, 604, 19, 21]
[73759, 875, 602, 19, 22]
[73760, 875, 602, 17, 22]
[73761, 874, 600, 19, 25]
[73762, 874, 600, 19, 25]
[73763, 875, 600, 19, 25]
[73764, 874, 600, 19, 25]
[73765, 874, 600, 19, 25]
[73766, 875, 600, 18, 25]
[73767, 873, 600, 19, 25]
[73768, 874, 600, 18, 25]
[73769, 873, 600, 19, 25]
[73770, 872, 600, 19, 25]
[73771, 872, 600, 19, 25]
[73772, 872, 600, 20, 25]
[73773, 872, 600, 20, 25]
[73774, 872, 600, 20, 25]
[73775, 872, 600, 20, 25]
[73776, 872, 600, 20, 25]
[73777, 872, 600, 20, 25]
[73778, 872, 600, 20, 25]
[73779, 873, 600, 20, 25]
[73780, 872, 600, 20, 25]
[73781, 872, 600, 20, 25]
[73782, 872, 600, 20, 25]
[73783, 871, 600, 20, 25]
[73784, 871, 600, 20, 25]
[73785, 871, 600, 20, 25]
[73786, 872, 600, 20, 25]
[73787, 871, 600, 20, 25]
[73788, 871, 600, 20, 25]
[73789, 870, 600, 20, 25]
[73790, 872, 600, 20, 25]
[73791, 870, 600, 20, 25]
[73792, 870, 600, 20, 25]
[73793, 869, 600, 20, 25]
[73794, 868, 600, 20, 25]
[73795, 868, 600, 20, 25]
[73796, 867, 600, 20, 25]
[73797, 867, 600, 20, 25]
[73798, 867, 600, 20, 25]
[73799, 868, 600, 20, 25]
[73800, 867, 600, 20, 25]
[73801, 866, 600, 20, 25]
[73802, 866, 600, 20, 25]
[73803, 864, 600, 20, 25]
[73804, 864, 600, 20, 25]
[73805, 864, 600, 20, 25]
[73806, 864, 600, 20, 25]
[73807, 864, 600, 20, 25]
[73808, 864, 600, 20, 25]
[73809, 864, 601, 20, 25]
[73810, 864, 600, 20, 25]
[73811, 864, 600, 20, 25]
[73812, 864, 600, 20, 25]
[73813, 864, 600, 20, 25]
[73814, 864, 600, 20, 25]
[73815, 864, 600, 20, 25]
[73816, 864, 600, 20, 25]
[73817, 864, 601, 20, 25]
[73818, 864, 600, 20, 25]
[73819, 864, 601, 20, 25]
[73820, 864, 600, 20, 25]
[73821, 864, 601, 20, 25]
[73822, 864, 600, 20, 25]
[73823, 865, 600, 20, 25]
[73824, 864, 599, 20, 25]
[73825, 865, 599, 20, 25]
[73826, 864, 599, 20, 25]
[73827, 863, 599, 20, 25]
[73828, 862, 599, 20, 25]
[73829, 862, 598, 20, 25]
[73830, 862, 599, 20, 25]
[73831, 862, 598, 20, 25]
[73832, 863, 598, 20, 25]
[73833, 862, 598, 20, 25]
[73834, 862, 598, 20, 25]
[73835, 862, 598, 20, 25]
[73836, 862, 598, 20, 25]
[73837, 862, 597, 20, 25]
[73838, 862, 596, 20, 25]
[73839, 862, 597, 20, 25]
[73840, 861, 596, 20, 25]
[73841, 860, 596, 20, 25]
[73842, 860, 596, 20, 25]
[73843, 857, 595, 20, 25]
[73844, 858, 595, 20, 25]
[73845, 857, 595, 20, 25]
[73846, 857, 595, 20, 24]
[73847, 858, 594, 20, 25]
[73848, 857, 593, 20, 25]
[73849, 857, 593, 20, 25]
[73850, 858, 595, 20, 24]
[73851, 857, 593, 20, 25]
[73852, 856, 593, 20, 25]
[73853, 857, 593, 20, 24]
[73854, 856, 592, 20, 25]
[73855, 856, 592, 20, 25]
[73856, 856, 592, 20, 25]
[73857, 855, 591, 20, 25]
[73858, 854, 591, 19, 25]
[73859, 854, 591, 20, 25]
[73860, 853, 593, 20, 24]
[73861, 853, 591, 20, 25]
[73862, 854, 591, 20, 25]
[73863, 853, 591, 20, 25]
[73864, 852, 590, 21, 25]
[73865, 851, 590, 21, 25]
[73866, 851, 590, 21, 25]
[73867, 850, 590, 21, 25]
[73868, 850, 591, 21, 24]
[73869, 852, 590, 20, 25]
[73870, 850, 590, 21, 25]
[73871, 850, 590, 21, 25]
[73872, 849, 590, 21, 25]
[73873, 850, 588, 20, 25]
[73874, 849, 588, 21, 26]
[73875, 849, 588, 21, 26]
[73876, 849, 587, 21, 26]
[73877, 849, 587, 21, 26]
[73878, 848, 587, 21, 26]
[73879, 848, 586, 21, 26]
[73880, 848, 586, 21, 26]
[73881, 848, 586, 21, 26]
[73882, 848, 585, 21, 27]
[73883, 848, 584, 21, 27]
[73884, 848, 584, 21, 27]
[73885, 847, 584, 20, 27]
[73886, 846, 584, 21, 27]
[73887, 845, 584, 21, 27]
[73888, 844, 584, 21, 27]
[73889, 844, 583, 21, 27]
[73890, 844, 582, 22, 27]
[73891, 844, 582, 22, 27]
[73892, 844, 582, 21, 28]
[73893, 843, 582, 22, 28]
[73894, 844, 582, 22, 28]
[73895, 843, 581, 22, 28]
[73896, 843, 581, 22, 27]
[73897, 843, 581, 22, 28]
[73898, 841, 580, 23, 28]
[73899, 840, 580, 23, 28]
[73900, 840, 580, 23, 28]
[73901, 840, 579, 23, 28]
[73902, 839, 579, 23, 28]
[73903, 839, 579, 23, 28]
[73904, 839, 578, 24, 28]
[73905, 838, 578, 24, 28]
[73906, 838, 577, 24, 29]
[73907, 838, 576, 24, 29]
[73908, 838, 578, 24, 28]
[73909, 836, 576, 25, 29]
[73910, 835, 576, 25, 30]
[73911, 835, 576, 25, 30]
[73912, 834, 574, 25, 31]
[73913, 834, 575, 24, 31]
[73914, 833, 574, 25, 32]
[73915, 833, 574, 25, 31]
[73916, 834, 573, 26, 32]
[73917, 833, 573, 26, 32]
[73918, 833, 573, 26, 32]
[73919, 832, 572, 26, 32]
[73920, 830, 572, 26, 32]
[73921, 829, 571, 25, 32]
[73922, 828, 571, 26, 32]
[73923, 828, 571, 26, 31]
[73924, 828, 570, 25, 32]
[73925, 827, 570, 26, 32]
[73926, 827, 569, 26, 32]
[73927, 827, 569, 26, 31]
[73928, 825, 570, 27, 32]
[73929, 825, 569, 27, 32]
[73930, 825, 568, 28, 32]
[73931, 825, 567, 28, 33]
[73932, 825, 566, 28, 33]
[73933, 825, 566, 28, 33]
[73934, 824, 566, 28, 33]
[73935, 821, 567, 29, 32]
[73936, 820, 565, 28, 34]
[73937, 819, 565, 29, 34]
[73938, 820, 563, 28, 34]
[73939, 819, 562, 29, 35]
[73940, 820, 563, 29, 35]
[73941, 819, 562, 27, 35]
[73942, 817, 562, 29, 35]
[73943, 818, 562, 28, 35]
[73944, 817, 561, 29, 34]
[73945, 816, 560, 30, 35]
[73946, 814, 559, 32, 36]
[73947, 814, 559, 32, 36]
[73948, 813, 559, 32, 36]
[73949, 815, 559, 30, 36]
[73950, 813, 558, 32, 37]
[73951, 810, 557, 32, 37]
[73952, 810, 556, 32, 37]
[73953, 810, 555, 32, 38]
[73954, 807, 554, 33, 38]
[73955, 808, 552, 33, 39]
[73956, 807, 552, 34, 39]
[73957, 807, 552, 34, 39]
[73958, 805, 551, 34, 40]
[73959, 805, 550, 33, 40]
[73960, 804, 549, 34, 40]
[73961, 803, 548, 34, 41]
[73962, 805, 548, 34, 41]
[73963, 802, 549, 34, 41]
[73964, 802, 548, 33, 41]
[73965, 802, 548, 34, 40]
[73966, 802, 546, 34, 41]
[73967, 802, 544, 34, 43]
[73968, 800, 543, 34, 43]
[73969, 799, 543, 34, 43]
[73970, 797, 541, 34, 43]
[73971, 798, 540, 34, 44]
[73972, 796, 540, 34, 43]
[73973, 796, 538, 33, 45]
[73974, 794, 539, 34, 44]
[73975, 793, 538, 33, 46]
[73976, 793, 537, 34, 46]
[73977, 791, 537, 34, 46]
[73978, 794, 536, 32, 46]
[73979, 790, 535, 34, 46]
[73980, 788, 534, 34, 46]
[73981, 787, 532, 33, 46]
[73982, 787, 532, 34, 46]
[73983, 786, 531, 34, 45]
[73984, 784, 531, 36, 46]
[73985, 782, 529, 37, 46]
[73986, 783, 530, 36, 46]
[73987, 780, 528, 37, 46]
[73988, 779, 529, 37, 46]
[73989, 777, 528, 39, 45]
[73990, 777, 527, 40, 46]
[73991, 775, 525, 41, 45]
[73992, 773, 524, 41, 47]
[73993, 773, 523, 41, 47]
[73994, 773, 522, 40, 46]
[73995, 771, 521, 42, 47]
[73996, 769, 520, 42, 48]
[73997, 767, 518, 41, 50]
[73998, 767, 516, 42, 51]
[73999, 766, 516, 42, 51]
[74000, 765, 516, 42, 51]
[74001, 764, 513, 41, 50]
[74002, 762, 512, 43, 51]
[74003, 760, 511, 43, 52]
[74004, 759, 510, 43, 52]
[74005, 757, 508, 43, 53]
[74006, 755, 507, 43, 54]
[74007, 754, 505, 43, 55]
[74008, 754, 503, 44, 55]
[74009, 752, 504, 44, 55]
[74010, 751, 503, 43, 54]
[74011, 750, 500, 44, 55]
[74012, 749, 499, 46, 55]
[74013, 748, 497, 46, 56]
[74014, 745, 493, 45, 58]
[74015, 742, 493, 47, 58]
[74016, 739, 491, 47, 60]
[74017, 737, 489, 47, 61]
[74018, 736, 487, 48, 62]
[74019, 736, 487, 48, 62]
[74020, 734, 484, 48, 62]
[74021, 730, 483, 51, 62]
[74022, 730, 482, 50, 60]
[74023, 725, 478, 51, 64]
[74024, 724, 476, 52, 65]
[74025, 722, 474, 51, 66]
[74026, 719, 472, 52, 67]
[74027, 718, 470, 52, 67]
[74028, 715, 469, 52, 66]
[74029, 711, 464, 55, 71]
[74030, 710, 463, 55, 71]
[74031, 709, 460, 55, 71]
[74032, 708, 460, 54, 69]
[74033, 703, 457, 55, 72]
[74034, 700, 454, 57, 73]
[74035, 696, 453, 57, 72]
[74036, 692, 449, 59, 73]
[74037, 692, 447, 57, 73]
[74038, 688, 444, 59, 75]
[74039, 686, 440, 58, 77]
[74040, 682, 439, 61, 77]
[74041, 679, 436, 62, 77]
[74042, 675, 432, 63, 77]
[74043, 672, 429, 62, 81]
[74044, 670, 430, 64, 75]
[74045, 664, 422, 65, 84]
[74046, 659, 419, 68, 83]
[74047, 656, 417, 68, 84]
[74048, 654, 411, 68, 88]
[74049, 650, 409, 67, 89]
[74050, 645, 406, 69, 87]
[74051, 640, 400, 72, 91]
[74052, 636, 396, 73, 93]
[74053, 631, 392, 76, 95]
[74054, 627, 390, 76, 94]
[74055, 622, 383, 76, 97]
[74056, 617, 378, 75, 100]
[74057, 613, 374, 76, 102]
[74058, 608, 369, 78, 103]
[74059, 600, 363, 82, 106]
[74060, 596, 359, 81, 106]
[74061, 589, 350, 84, 113]
[74062, 574, 342, 96, 127]
[74063, 577, 340, 96, 127]
[74064, 563, 330, 96, 126]
[74065, 561, 324, 93, 127]
[74066, 555, 321, 96, 127]
[74067, 546, 315, 99, 127]
[74068, 538, 311, 102, 117]
[74069, 530, 300, 101, 128]
[74070, 522, 290, 102, 132]
[74071, 509, 282, 108, 133]
[74072, 501, 272, 108, 138]
[74073, 489, 262, 111, 143]
[74074, 483, 256, 109, 140]
[74075, 468, 246, 118, 144]
[74076, 458, 235, 119, 146]
[74077, 447, 223, 125, 152]
[74078, 430, 210, 127, 157]
[74079, 419, 196, 128, 165]
[74080, 403, 185, 133, 168]
[74081, 385, 170, 139, 173]
[74082, 376, 157, 135, 173]
[74083, 353, 141, 152, 183]
[74084, 337, 124, 152, 188]
[74085, 316, 103, 155, 202]
[74086, 291, 87, 166, 200]
[74087, 274, 60, 164, 220]
[74088, 249, 42, 175, 223]
[74089, 220, 17, 184, 231]
[74090, 190, 1, 191, 231]

Process finished with exit code 0
