73721;883,605,15,19,
73722;883,605,15,19,
73723;881,605,15,19,
73724;880,605,16,18,
73725;880,605,16,19,
73726;881,605,15,18,
73727;881,605,15,19,
73728;882,606,15,18,
73729;879,605,17,16,
73730;880,605,16,19,
73731;880,605,15,19,
73732;879,606,16,18,
73733;880,607,16,17,
73734;880,606,15,18,
73735;879,606,16,16,
73736;880,606,15,19,
73737;879,605,16,19,
73738;879,605,16,16,
73739;879,606,16,16,
73740;879,606,15,18,
73741;879,606,16,18,
73742;879,606,16,18,
73743;879,605,15,18,
73744;879,605,15,18,
73745;879,605,14,18,
73746;879,606,15,17,
73747;879,607,15,16,
73748;879,607,15,18,
73749;879,605,15,20,
73750;879,606,16,19,
73751;879,607,16,18,
73752;879,605,15,20,
73753;878,605,15,19,
73754;880,606,15,19,
73755;879,607,15,18,
73756;879,606,15,19,
73757;879,605,15,20,
73758;878,605,15,20,
73759;876,603,15,21,
73760;876,603,15,21,
73761;875,601,17,24,
73762;875,601,17,23,
73763;876,602,15,19,
73764;875,603,13,19,
73765;875,604,15,18,
73766;876,603,16,22,
73767;874,605,17,19,
73768;875,605,16,19,
73769;874,605,17,18,
73770;873,604,17,18,
73771;874,604,17,20,
73772;874,604,18,20,
73773;875,604,17,20,
73774;875,604,16,20,
73775;875,605,17,19,
73776;875,603,16,20,
73777;874,603,17,21,
73778;874,604,17,20,
73779;874,604,16,20,
73780;873,604,17,19,
73781;873,604,17,19,
73782;874,604,17,19,
73783;872,604,17,19,
73784;872,604,17,19,
73785;874,607,16,16,
73786;873,604,17,19,
73787;872,607,16,16,
73788;872,605,16,18,
73789;874,604,16,19,
73790;873,604,17,19,
73791;871,606,16,17,
73792;871,605,16,17,
73793;870,605,16,17,
73794;869,605,13,17,
73795;869,604,16,18,
73796;868,604,13,18,
73797;868,603,16,19,
73798;868,604,13,18,
73799;869,604,15,16,
73800;868,604,16,16,
73801;867,604,13,16,
73802;867,603,14,18,
73803;865,604,16,17,
73804;865,603,15,19,
73805;866,603,16,18,
73806;867,603,16,18,
73807;867,602,15,19,
73808;867,602,13,18,
73809;867,602,13,16,
73810;867,601,16,20,
73811;868,602,15,19,
73812;867,602,15,17,
73813;867,602,15,19,
73814;868,603,16,17,
73815;867,602,15,18,
73816;867,603,16,17,
73817;866,603,16,17,
73818;866,601,16,19,
73819;866,602,17,18,
73820;866,602,16,18,
73821;866,602,16,18,
73822;866,602,16,18,
73823;866,602,16,18,
73824;865,601,16,18,
73825;866,601,16,19,
73826;865,601,15,18,
73827;864,600,17,19,
73828;863,600,17,19,
73829;865,600,17,19,
73830;864,600,16,19,
73831;864,600,16,19,
73832;864,600,16,19,
73833;863,600,16,19,
73834;863,599,16,19,
73835;863,599,16,19,
73836;863,599,16,19,
73837;863,599,16,19,
73838;863,599,16,19,
73839;863,598,16,20,
73840;862,598,16,19,
73841;861,598,16,19,
73842;861,598,16,19,
73843;858,596,17,21,
73844;859,596,17,21,
73845;858,596,17,21,
73846;859,596,16,21,
73847;859,596,16,20,
73848;858,596,17,20,
73849;858,597,17,19,
73850;859,596,16,20,
73851;858,596,16,20,
73852;857,595,16,21,
73853;858,596,16,20,
73854;857,594,16,22,
73855;857,595,17,21,
73856;857,595,17,20,
73857;856,594,17,21,
73858;855,595,17,20,
73859;855,594,18,21,
73860;854,594,18,21,
73861;854,593,17,22,
73862;855,594,18,21,
73863;854,593,18,21,
73864;853,593,19,21,
73865;852,591,19,23,
73866;852,591,19,23,
73867;853,592,18,22,
73868;857,592,15,22,
73869;853,592,18,22,
73870;851,592,19,21,
73871;851,592,19,21,
73872;850,591,19,22,
73873;851,591,18,22,
73874;850,589,18,24,
73875;850,589,19,24,
73876;850,590,19,22,
73877;850,590,18,22,
73878;849,589,18,22,
73879;849,589,18,22,
73880;849,588,18,23,
73881;849,587,18,24,
73882;852,587,15,23,
73883;852,587,16,23,
73884;851,587,16,23,
73885;848,587,18,23,
73886;847,587,19,23,
73887;846,587,19,23,
73888;845,585,19,24,
73889;845,585,19,24,
73890;845,586,20,23,
73891;845,585,20,24,
73892;845,585,19,23,
73893;844,585,20,24,
73894;847,584,19,25,
73895;844,584,20,24,
73896;847,584,17,24,
73897;847,583,17,25,
73898;842,583,21,24,
73899;841,583,21,24,
73900;841,582,21,25,
73901;841,582,21,25,
73902;840,582,21,24,
73903;840,581,21,25,
73904;840,581,22,25,
73905;839,580,22,26,
73906;839,580,22,26,
73907;839,580,22,26,
73908;842,579,19,27,
73909;837,579,23,26,
73910;836,579,22,25,
73911;836,578,21,26,
73912;835,578,22,26,
73913;835,577,22,27,
73914;834,577,23,26,
73915;834,576,23,27,
73916;838,576,21,28,
73917;838,575,21,28,
73918;837,575,21,28,
73919;833,575,23,27,
73920;831,574,23,28,
73921;830,574,23,27,
73922;829,574,24,27,
73923;829,573,24,27,
73924;829,573,23,27,
73925;828,572,24,28,
73926;828,572,24,28,
73927;828,571,24,29,
73928;826,571,25,28,
73929;826,570,25,29,
73930;830,570,23,30,
73931;830,569,23,30,
73932;830,569,23,30,
73933;829,568,23,31,
73934;828,568,23,30,
73935;822,568,27,29,
73936;821,567,26,30,
73937;820,567,27,29,
73938;821,566,26,30,
73939;820,565,27,30,
73940;825,565,23,32,
73941;824,564,21,31,
73942;818,564,27,30,
73943;823,563,22,32,
73944;822,563,23,31,
73945;822,562,24,32,
73946;815,562,31,32,
73947;815,561,30,32,
73948;820,560,23,33,
73949;819,560,25,33,
73950;818,559,25,34,
73951;811,559,30,32,
73952;811,558,30,33,
73953;816,557,26,34,
73954;808,557,31,33,
73955;809,556,32,34,
73956;814,555,26,35,
73957;813,555,26,35,
73958;806,554,31,34,
73959;806,554,31,34,
73960;811,553,27,35,
73961;810,549,26,39,
73962;809,551,27,36,
73963;803,551,31,35,
73964;808,550,26,36,
73965;807,549,28,37,
73966;806,547,28,38,
73967;806,547,26,38,
73968;805,547,27,37,
73969;803,546,29,38,
73970;802,545,27,38,
73971;802,544,27,39,
73972;801,544,27,38,
73973;800,543,28,39,
73974;799,542,29,39,
73975;798,541,27,40,
73976;798,540,28,40,
73977;797,539,28,40,
73978;795,539,31,40,
73979;794,538,29,41,
73980;793,537,27,40,
73981;792,536,27,41,
73982;791,535,29,42,
73983;790,534,29,42,
73984;789,533,30,42,
73985;788,532,30,42,
73986;787,531,32,43,
73987;786,530,30,43,
73988;784,530,31,43,
73989;783,529,32,43,
73990;782,528,34,43,
73991;781,526,34,44,
73992;779,525,32,45,
73993;778,524,35,45,
73994;777,523,35,45,
73995;776,522,35,46,
73996;775,521,35,46,
73997;773,519,34,47,
73998;772,518,36,48,
73999;771,517,36,48,
74000;769,517,37,47,
74001;768,514,37,49,
74002;767,513,37,49,
74003;765,512,38,49,
74004;764,511,38,49,
74005;762,509,38,51,
74006;760,508,37,51,
74007;759,506,37,52,
74008;758,505,39,52,
74009;756,505,40,51,
74010;754,504,39,51,
74011;753,501,40,53,
74012;751,500,41,53,
74013;750,498,41,54,
74014;748,496,42,55,
74015;746,494,42,56,
74016;743,492,43,57,
74017;741,491,42,57,
74018;740,489,44,58,
74019;738,488,44,57,
74020;736,485,44,59,
74021;734,484,45,59,
74022;731,483,46,59,
74023;729,480,47,61,
74024;727,478,47,62,
74025;725,476,48,62,
74026;723,474,48,63,
74027;720,472,49,64,
74028;718,470,49,64,
74029;715,467,50,66,
74030;713,465,50,66,
74031;711,463,50,67,
74032;708,461,51,67,
74033;705,458,52,68,
74034;702,455,53,70,
74035;699,454,54,69,
74036;696,450,55,71,
74037;693,448,56,71,
74038;690,445,55,73,
74039;687,442,56,74,
74040;684,440,57,74,
74041;681,437,58,75,
74042;677,433,59,76,
74043;674,430,59,78,
74044;673,431,57,74,
74045;666,423,62,80,
74046;663,420,62,81,
74047;659,418,63,81,
74048;655,412,63,84,
74049;651,410,64,84,
74050;646,407,66,84,
74051;642,401,67,87,
74052;637,397,68,89,
74053;632,393,69,89,
74054;628,396,69,83,
74055;623,384,71,92,
74056;618,380,71,93,
74057;612,356,74,111,
74058;590,351,92,115,
74059;582,345,95,118,
74060;594,341,78,118,
74061;571,332,97,123,
74062;556,324,107,132,
74063;559,322,98,125,
74064;545,312,107,130,
74065;543,306,104,133,
74066;537,303,104,131,
74067;528,297,107,132,
74068;520,303,118,121,
74069;512,295,110,124,
74070;504,272,111,141,
74071;491,264,117,139,
74072;483,254,117,144,
74073;471,244,121,151,
74074;476,248,108,140,
74075;450,238,125,143,
74076;452,226,114,148,
74077;439,214,131,151,
74078;412,202,133,155,
74079;411,189,123,159,
74080;395,175,127,164,
74081;379,160,131,169,
74082;361,144,136,174,
74083;343,128,160,178,
74084;323,110,164,184,
74085;301,91,168,212,
74086;279,70,176,197,
74087;255,48,181,230,
74088;230,25,192,238,
74089;201,1,201,247,
74090;168,11,180,232,