140841;734,489,50,79,
140842;734,489,50,79,
140843;734,489,50,79,
140844;733,490,50,78,
140845;734,489,50,79,
140846;734,489,50,79,
140847;734,490,50,78,
140848;733,490,49,78,
140849;734,489,50,79,
140850;733,490,50,78,
140851;733,489,50,78,
140852;734,489,50,79,
140853;733,490,50,77,
140854;733,489,50,78,
140855;733,490,50,78,
140856;733,489,50,77,
140857;732,489,51,78,
140858;732,489,51,78,
140859;731,489,51,78,
140860;731,489,51,78,
140861;731,489,51,77,
140862;731,489,51,77,
140863;732,489,51,78,
140864;731,489,51,78,
140865;731,489,51,77,
140866;731,489,51,77,
140867;731,489,51,77,
140868;732,490,50,76,
140869;732,489,50,77,
140870;732,489,50,77,
140871;732,489,50,77,
140872;732,489,50,77,
140873;732,490,50,76,
140874;732,489,50,77,
140875;732,489,50,77,
140876;732,489,50,77,
140877;732,490,50,76,
140878;732,490,50,76,
140879;732,489,50,77,
140880;732,489,50,77,
140881;732,489,50,77,
140882;731,489,50,77,
140883;731,489,49,77,
140884;732,489,49,77,
140885;731,489,49,77,
140886;731,488,49,77,
140887;731,489,49,77,
140888;731,489,49,76,
140889;732,489,48,76,
140890;731,489,49,76,
140891;731,489,49,76,
140892;731,488,49,77,
140893;732,489,49,76,
140894;732,489,48,75,
140895;732,489,48,76,
140896;731,489,49,76,
140897;731,489,49,76,
140898;732,489,48,76,
140899;731,489,49,76,
140900;731,489,49,76,
140901;731,489,49,76,
140902;731,489,49,76,
140903;731,489,49,76,
140904;732,488,48,76,
140905;731,489,49,76,
140906;731,488,49,77,
140907;731,487,49,77,
140908;731,489,49,76,
140909;731,488,49,77,
140910;731,487,49,77,
140911;731,488,49,77,
140912;731,488,49,77,
140913;732,487,48,77,
140914;731,487,49,78,
140915;732,488,48,78,
140916;732,487,48,78,
140917;731,487,49,78,
140918;732,487,48,77,
140919;732,487,48,78,
140920;732,486,48,79,
140921;731,487,49,78,
140922;731,487,49,78,
140923;731,486,49,79,
140924;730,487,50,78,
140925;730,487,49,78,
140926;731,487,49,78,
140927;730,487,49,78,
140928;731,485,49,80,
140929;729,486,50,80,
140930;729,486,50,79,
140931;730,486,50,79,
140932;730,487,50,78,
140933;729,486,50,79,
140934;730,485,50,79,
140935;729,486,50,80,
140936;729,486,50,79,
140937;729,486,50,80,
140938;729,486,50,80,
140939;729,485,50,79,
140940;730,486,50,80,
140941;729,485,50,79,
140942;728,484,49,79,
140943;729,485,49,79,
140944;729,485,50,79,
140945;728,484,49,79,
140946;729,484,49,79,
140947;728,484,49,79,
140948;728,483,49,79,
140949;728,484,49,79,
140950;728,484,49,79,
140951;727,483,49,79,
140952;728,483,50,80,
140953;727,483,49,79,
140954;727,483,49,80,
140955;727,483,50,79,
140956;727,483,50,80,
140957;727,483,50,79,
140958;727,483,50,79,
140959;727,483,50,80,
140960;727,483,50,80,
140961;726,483,50,80,
140962;726,483,50,80,
140963;726,482,50,81,
140964;726,482,50,81,
140965;726,483,50,80,
140966;727,482,50,80,
140967;727,482,50,80,
140968;727,482,50,80,
140969;727,482,50,80,
140970;727,482,50,80,
140971;727,482,50,80,
140972;727,482,50,79,
140973;726,482,51,80,
140974;727,482,50,80,
140975;725,482,51,80,
140976;725,482,51,80,
140977;725,481,51,81,
140978;725,481,51,81,
140979;725,481,51,81,
140980;725,481,51,81,
140981;726,481,51,82,
140982;726,481,51,82,
140983;724,482,52,79,
140984;725,481,51,80,
140985;725,480,51,81,
140986;724,482,52,80,
140987;724,482,52,80,
140988;724,482,52,80,
140989;723,482,53,80,
140990;723,482,53,80,
140991;723,481,53,80,
140992;722,481,53,80,
140993;722,481,53,80,
140994;722,481,53,80,
140995;722,481,52,79,
140996;722,481,53,80,
140997;722,481,53,80,
140998;723,481,51,80,
140999;724,480,50,81,
141000;723,481,51,80,
141001;723,480,50,81,
141002;723,480,50,81,
141003;723,480,50,81,
141004;723,479,50,81,
141005;723,480,50,82,
141006;723,479,50,82,
141007;723,479,50,82,
141008;723,478,49,83,
141009;723,478,49,83,
141010;723,478,49,83,
141011;722,478,49,84,
141012;722,478,49,84,
141013;723,478,47,84,
141014;723,478,47,84,
141015;723,478,47,84,
141016;723,478,47,83,
141017;723,478,47,84,
141018;723,478,47,84,
141019;721,479,50,75,
141020;721,480,50,76,
141021;720,479,51,75,
141022;721,478,50,77,
141023;721,479,50,76,
141024;720,478,51,78,
141025;721,477,49,85,
141026;720,478,52,78,
141027;720,477,52,79,
141028;720,477,51,85,
141029;720,478,51,84,
141030;720,478,52,84,
141031;719,478,53,83,
141032;719,477,53,85,
141033;719,478,53,83,
141034;717,479,54,78,
141035;718,478,53,83,
141036;717,479,54,78,
141037;717,479,54,78,
141038;717,478,54,79,
141039;717,479,54,78,
141040;716,478,53,78,
141041;716,478,53,78,
141042;716,478,53,78,
141043;716,477,53,79,
141044;716,477,53,79,
141045;716,477,53,79,
141046;717,478,52,78,
141047;717,477,52,79,
141048;717,477,51,79,
141049;716,476,51,80,
141050;717,476,52,80,
141051;716,476,51,80,
141052;717,475,50,81,
141053;716,475,51,81,
141054;716,474,50,83,
141055;717,474,50,81,
141056;716,474,50,81,
141057;716,474,50,82,
141058;715,473,51,83,
141059;715,473,51,83,
141060;715,473,52,83,
141061;715,473,52,83,
141062;715,473,52,83,
141063;714,474,52,82,
141064;714,473,52,83,
141065;714,472,52,83,
141066;714,473,52,82,
141067;714,473,52,82,
141068;714,473,52,82,
141069;712,473,53,83,
141070;712,473,53,82,
141071;713,473,53,82,
141072;712,473,53,84,
141073;712,472,53,84,
141074;712,472,53,84,
141075;712,472,53,84,
141076;712,472,53,84,
141077;712,472,53,83,
141078;712,472,53,84,
141079;713,472,53,84,
141080;712,472,53,84,
141081;712,471,53,85,
141082;713,471,53,84,
141083;713,471,53,85,
141084;712,471,54,85,
141085;712,471,54,84,
141086;712,470,53,85,
141087;712,470,54,85,
141088;712,471,53,84,
141089;712,470,54,85,
141090;712,470,54,86,
141091;712,470,54,85,
141092;711,470,55,86,
141093;711,468,55,89,
141094;711,468,56,89,
141095;711,468,56,89,
141096;709,467,57,91,
141097;711,469,55,88,
141098;710,468,54,90,
141099;710,467,53,90,
141100;710,466,54,92,
141101;710,466,53,92,
141102;710,466,53,91,
141103;710,466,53,92,
141104;709,467,53,90,
141105;709,467,53,90,
141106;709,467,53,90,
141107;709,467,53,90,
141108;709,466,54,91,
141109;709,466,53,91,
141110;709,466,54,91,
141111;709,466,54,92,
141112;709,466,54,92,
141113;709,466,54,92,
141114;709,465,54,93,
141115;709,465,54,92,
141116;708,465,55,91,
141117;708,465,55,91,
141118;708,465,55,92,
141119;708,465,55,92,
141120;707,465,55,92,
141121;707,464,55,93,
141122;708,465,54,91,
141123;708,465,54,90,
141124;708,464,54,91,
141125;706,465,55,90,
141126;707,464,54,89,
141127;706,464,55,90,
141128;706,463,55,89,
141129;707,464,54,88,
141130;706,463,55,89,
141131;706,465,55,88,
141132;706,464,55,88,
141133;706,463,56,89,
141134;705,464,55,88,
141135;705,463,55,88,
141136;705,463,55,88,
141137;705,463,54,88,
141138;706,462,54,88,
141139;705,462,54,88,
141140;705,461,53,89,
141141;705,461,53,89,
141142;705,461,54,90,
141143;705,461,54,90,
141144;705,460,53,89,
141145;705,460,53,89,
141146;704,461,54,88,
141147;703,461,55,88,
141148;703,461,55,88,
141149;702,461,55,87,
141150;701,462,56,85,
141151;702,461,56,87,
141152;701,463,56,84,
141153;700,462,57,85,
141154;700,462,57,85,
141155;700,463,56,84,
141156;700,463,56,84,
141157;700,463,56,84,
141158;699,461,56,86,
141159;700,462,56,86,
141160;700,462,56,86,
141161;698,461,57,85,
141162;698,461,57,85,
141163;698,460,56,87,
141164;697,460,55,87,
141165;698,461,55,86,191613;842,597,20,27,
191614;842,598,20,26,
191615;842,597,20,27,
191616;842,597,20,27,
191617;842,597,20,27,
191618;842,599,19,26,
191619;842,599,19,25,
191620;842,599,20,25,
191621;842,599,20,25,
191622;841,600,21,24,
191623;842,599,20,25,
191624;842,598,20,25,
191625;841,598,21,25,
191626;841,598,21,25,
191627;841,598,22,25,
191628;841,599,22,25,
191629;841,599,22,25,
191630;841,599,22,25,
191631;841,599,22,25,
191632;841,599,22,25,
191633;840,599,22,26,
191634;840,598,21,26,
191635;841,598,20,28,
191636;841,598,20,28,
191637;841,598,20,28,
191638;841,596,19,29,
191639;841,597,19,28,
191640;841,597,20,28,
191641;841,597,20,27,
191642;840,597,21,27,
191643;840,597,22,28,
191644;840,597,22,28,
191645;840,597,22,28,
191646;840,596,22,28,
191647;840,596,21,28,
191648;840,596,21,28,
191649;840,596,21,28,
191650;840,596,21,28,
191651;840,596,21,28,
191652;840,596,21,28,
191653;840,595,20,28,
191654;840,595,20,28,
191655;840,595,20,28,
191656;840,595,20,28,
191657;840,595,20,28,
191658;840,595,20,28,
191659;840,595,20,28,
191660;840,595,20,28,
191661;840,595,20,28,
191662;840,595,20,28,
191663;840,595,20,28,
191664;840,595,20,28,
191665;840,595,20,28,
191666;840,595,20,28,
191667;834,594,21,30,
191668;834,594,21,30,
191669;833,593,22,30,
191670;833,593,22,30,
191671;832,593,22,29,
191672;833,593,22,29,
191673;833,593,21,30,
191674;833,592,21,29,
191675;834,592,20,30,
191676;833,593,21,28,
191677;834,593,20,28,
191678;832,592,21,29,
191679;832,592,21,28,
191680;834,593,20,28,
191681;834,593,20,28,
191682;834,593,20,28,
191683;831,592,22,29,
191684;831,592,22,29,
191685;831,592,22,29,
191686;831,592,22,28,
191687;830,591,23,28,
191688;831,591,22,28,
191689;830,590,22,29,
191690;830,590,22,30,
191691;829,588,22,31,
191692;830,589,22,30,
191693;829,590,22,30,
191694;828,589,21,30,
191695;827,588,21,32,
191696;828,586,21,29,
191697;827,587,21,28,
191698;827,586,21,27,
191699;828,586,22,28,
191700;828,586,22,28,
191701;828,585,22,29,
191702;827,585,21,30,
191703;827,585,22,29,
191704;827,585,22,29,
191705;826,584,23,29,
191706;827,584,22,30,
191707;826,585,22,28,
191708;826,584,21,29,
191709;826,583,22,29,
191710;827,583,22,29,
191711;826,583,23,30,
191712;827,583,22,29,
191713;825,584,21,29,
191714;825,583,21,29,
191715;824,584,22,28,
191716;824,584,21,27,
191717;825,586,19,26,
191718;825,585,20,26,
191719;825,586,19,25,
191720;825,586,19,25,
191721;824,583,21,25,
191722;824,583,22,26,
191723;824,584,21,26,
191724;824,583,22,26,
191725;824,583,20,28,
191726;821,582,23,28,
