140841;736,491,46,75,;0.9999152421951294,
140842;736,491,46,75,;0.9999070167541504,
140843;736,491,46,75,;0.9998806715011597,
140844;735,492,46,74,;0.9999217987060547,
140845;736,491,46,75,;0.9998990297317505,
140846;736,491,46,75,;0.9998972415924072,
140847;736,492,46,74,;0.9999018907546997,
140848;735,492,45,74,;0.9999022483825684,
140849;736,491,46,75,;0.9998993873596191,
140850;735,492,46,74,;0.9999368190765381,
140851;735,491,46,74,;0.9999173879623413,
140852;736,491,46,75,;0.9999071359634399,
140853;735,492,46,73,;0.9999363422393799,
140854;735,491,46,74,;0.9999293088912964,
140855;735,492,46,74,;0.9999314546585083,
140856;735,491,46,73,;0.9999498128890991,
140857;734,491,47,74,;0.9999277591705322,
140858;734,491,47,74,;0.9999250173568726,
140859;733,491,47,74,;0.9999568462371826,
140860;733,491,47,74,;0.9999443292617798,
140861;733,491,47,73,;0.9999487400054932,
140862;733,491,47,73,;0.9999608993530273,
140863;734,491,47,74,;0.9999412298202515,
140864;733,491,47,74,;0.9999434947967529,
140865;733,491,47,73,;0.9999604225158691,
140866;733,491,47,73,;0.9999576807022095,
140867;733,491,47,73,;0.9999635219573975,
140868;734,492,46,72,;0.9999645948410034,
140869;734,491,46,73,;0.9999560117721558,
140870;734,491,46,73,;0.9999591112136841,
140871;734,491,46,73,;0.9999687671661377,
140872;734,491,46,73,;0.9999669790267944,
140873;734,492,46,72,;0.9999703168869019,
140874;734,491,46,73,;0.999976396560669,
140875;734,491,46,73,;0.9999663829803467,
140876;734,491,46,73,;0.9999790191650391,
140877;734,492,46,72,;0.999976396560669,
140878;734,492,46,72,;0.999976634979248,
140879;734,491,46,73,;0.999977707862854,
140880;734,491,46,73,;0.9999775886535645,
140881;734,491,46,73,;0.9999775886535645,
140882;733,491,46,73,;0.9999798536300659,
140883;733,491,45,73,;0.999976396560669,
140884;734,491,45,73,;0.9999758005142212,
140885;733,491,45,73,;0.999976396560669,
140886;733,490,45,73,;0.9999724626541138,
140887;733,491,45,73,;0.999974250793457,
140888;733,491,45,72,;0.9999716281890869,
140889;734,491,44,72,;0.9999717473983765,
140890;733,491,45,72,;0.9999749660491943,
140891;733,491,45,72,;0.9999722242355347,
140892;733,490,45,73,;0.9999727010726929,
140893;734,491,45,72,;0.9999701976776123,
140894;734,491,44,71,;0.9999730587005615,
140895;734,491,44,72,;0.9999762773513794,
140896;733,491,45,72,;0.9999734163284302,
140897;733,491,45,72,;0.9999775886535645,
140898;734,491,44,72,;0.9999799728393555,
140899;733,491,45,72,;0.9999717473983765,
140900;733,491,45,72,;0.9999773502349854,
140901;733,491,45,72,;0.9999761581420898,
140902;733,491,45,72,;0.9999759197235107,
140903;733,491,45,72,;0.9999784231185913,
140904;734,490,44,72,;0.9999738931655884,
140905;733,491,45,72,;0.9999803304672241,
140906;733,490,45,73,;0.99997878074646,
140907;733,489,45,73,;0.9999737739562988,
140908;733,491,45,72,;0.9999794960021973,
140909;733,490,45,73,;0.999975323677063,
140910;733,489,45,73,;0.9999715089797974,
140911;733,490,45,73,;0.9999730587005615,
140912;733,490,45,73,;0.9999713897705078,
140913;734,489,44,73,;0.9999614953994751,
140914;733,489,45,74,;0.9999731779098511,
140915;734,490,44,74,;0.9999715089797974,
140916;734,489,44,74,;0.9999667406082153,
140917;733,489,45,74,;0.9999744892120361,
140918;734,489,44,73,;0.9999557733535767,
140919;734,489,44,74,;0.9999587535858154,
140920;734,488,44,75,;0.9999668598175049,
140921;733,489,45,74,;0.9999604225158691,
140922;733,489,45,74,;0.9999620914459229,
140923;733,488,45,75,;0.9999659061431885,
140924;732,489,46,74,;0.9999608993530273,
140925;732,489,45,74,;0.9999631643295288,
140926;733,489,45,74,;0.9999675750732422,
140927;732,489,45,74,;0.9999620914459229,
140928;733,487,45,76,;0.9999680519104004,
140929;731,488,46,76,;0.9999563694000244,
140930;731,488,46,75,;0.9999438524246216,
140931;732,488,46,75,;0.9999715089797974,
140932;732,489,46,74,;0.9999710321426392,
140933;731,488,46,75,;0.9999504089355469,
140934;732,487,46,75,;0.9999551773071289,
140935;731,488,46,76,;0.9999591112136841,
140936;731,488,46,75,;0.9999547004699707,
140937;731,488,46,76,;0.9999581575393677,
140938;731,488,46,76,;0.99996018409729,
140939;731,487,46,75,;0.9999483823776245,
140940;732,488,46,76,;0.9999505281448364,
140941;731,487,46,75,;0.9999574422836304,
140942;730,486,45,75,;0.999962568283081,
140943;731,487,45,75,;0.9999446868896484,
140944;731,487,46,75,;0.9999459981918335,
140945;730,486,45,75,;0.9999608993530273,
140946;731,486,45,75,;0.9999508857727051,
140947;730,486,45,75,;0.9999568462371826,
140948;730,485,45,75,;0.9999563694000244,
140949;730,486,45,75,;0.9999570846557617,
140950;730,486,45,75,;0.9999570846557617,
140951;729,485,45,75,;0.999957799911499,
140952;730,485,46,76,;0.9999555349349976,
140953;729,485,45,75,;0.999964714050293,
140954;729,485,45,76,;0.9999687671661377,
140955;729,485,46,75,;0.9999709129333496,
140956;729,485,46,76,;0.9999709129333496,
140957;729,485,46,75,;0.9999669790267944,
140958;729,485,46,75,;0.9999674558639526,
140959;729,485,46,76,;0.9999643564224243,
140960;729,485,46,76,;0.9999599456787109,
140961;728,485,46,76,;0.9999610185623169,
140962;728,485,46,76,;0.9999594688415527,
140963;728,484,46,77,;0.9999514818191528,
140964;728,484,46,77,;0.9999560117721558,
140965;728,485,46,76,;0.9999535083770752,
140966;729,484,46,76,;0.9999176263809204,
140967;729,484,46,76,;0.9999409914016724,
140968;729,484,46,76,;0.9999393224716187,
140969;729,484,46,76,;0.9999402761459351,
140970;729,484,46,76,;0.9999396800994873,
140971;729,484,46,76,;0.9999316930770874,
140972;729,484,46,75,;0.9999295473098755,
140973;728,484,47,76,;0.9999376535415649,
140974;729,484,46,76,;0.9999340772628784,
140975;727,484,47,76,;0.9999151229858398,
140976;727,484,47,76,;0.9999281167984009,
140977;727,483,47,77,;0.9999009370803833,
140978;727,483,47,77,;0.9999045133590698,
140979;727,483,47,77,;0.9999092817306519,
140980;727,483,47,77,;0.9999005794525146,
140981;728,483,47,78,;0.9998873472213745,
140982;728,483,47,78,;0.9998912811279297,
140983;726,484,48,75,;0.9999572038650513,
140984;727,483,47,76,;0.9999372959136963,
140985;727,482,47,77,;0.9999229907989502,
140986;726,484,48,76,;0.9999500513076782,
140987;726,484,48,76,;0.9999672174453735,
140988;726,484,48,76,;0.9999632835388184,
140989;725,484,49,76,;0.9999825954437256,
140990;725,484,49,76,;0.9999786615371704,
140991;725,483,49,76,;0.999977707862854,
140992;724,483,49,76,;0.9999825954437256,
140993;724,483,49,76,;0.9999794960021973,
140994;724,483,49,76,;0.9999822378158569,
140995;724,483,48,75,;0.9999868869781494,
140996;724,483,49,76,;0.9999769926071167,
140997;724,483,49,76,;0.9999790191650391,
140998;725,483,47,76,;0.9999839067459106,
140999;726,482,46,77,;0.9999768733978271,
141000;725,483,47,76,;0.9999790191650391,
141001;725,482,46,77,;0.9999768733978271,
141002;725,482,46,77,;0.9999746084213257,
141003;725,482,46,77,;0.9999719858169556,
141004;725,481,46,77,;0.999923825263977,
141005;725,482,46,78,;0.9999620914459229,
141006;725,481,46,78,;0.9999605417251587,
141007;725,481,46,78,;0.9999035596847534,
141008;725,480,45,79,;0.9999239444732666,
141009;725,480,45,79,;0.9999281167984009,
141010;725,480,45,79,;0.9998643398284912,
141011;724,480,45,80,;0.9998443126678467,
141012;724,480,45,80,;0.9998779296875,
141013;725,480,43,80,;0.9998132586479187,
141014;725,480,43,80,;0.9998263120651245,
141015;725,480,43,80,;0.9998154044151306,
141016;725,480,43,79,;0.9996265172958374,
141017;725,480,43,80,;0.9997300505638123,
141018;725,480,43,80,;0.9997949004173279,
141019;723,481,46,71,;0.9997046589851379,
141020;723,482,46,72,;0.9997214674949646,
141021;722,481,47,71,;0.9996749758720398,
141022;723,480,46,73,;0.9997482895851135,
141023;723,481,46,72,;0.9998331069946289,
141024;722,480,47,74,;0.9997813105583191,
141025;723,479,45,81,;0.9998462200164795,
141026;722,480,48,74,;0.9997914433479309,
141027;722,479,48,75,;0.9997751116752625,
141028;722,479,47,81,;0.9999128580093384,
141029;722,480,47,80,;0.9999161958694458,
141030;722,480,48,80,;0.9999397993087769,
141031;721,480,49,79,;0.9999308586120605,
141032;721,479,49,81,;0.999889612197876,
141033;721,480,49,79,;0.999923586845398,
141034;719,481,50,74,;0.9999063014984131,
141035;720,480,49,79,;0.9999178647994995,
141036;719,481,50,74,;0.999922513961792,
141037;719,481,50,74,;0.9999470710754395,
141038;719,480,50,75,;0.9999172687530518,
141039;719,481,50,74,;0.9999585151672363,
141040;718,480,49,74,;0.9999722242355347,
141041;718,480,49,74,;0.9999758005142212,
141042;718,480,49,74,;0.9999821186065674,
141043;718,479,49,75,;0.999982476234436,
141044;718,479,49,75,;0.9999798536300659,
141045;718,479,49,75,;0.999984860420227,
141046;719,480,48,74,;0.9999896287918091,
141047;719,479,48,75,;0.999984622001648,
141048;719,479,47,75,;0.9999903440475464,
141049;718,478,47,76,;0.9999901056289673,
141050;719,478,48,76,;0.9999895095825195,
141051;718,478,47,76,;0.9999903440475464,
141052;719,477,46,77,;0.9999904632568359,
141053;718,477,47,77,;0.9999895095825195,
141054;718,476,46,79,;0.9999856948852539,
141055;719,476,46,77,;0.9999891519546509,
141056;718,476,46,77,;0.9999885559082031,
141057;718,476,46,78,;0.9999849796295166,
141058;717,475,47,79,;0.9999793767929077,
141059;717,475,47,79,;0.9999839067459106,
141060;717,475,48,79,;0.9999829530715942,
141061;717,475,48,79,;0.9999895095825195,
141062;717,475,48,79,;0.9999902248382568,
141063;716,476,48,78,;0.9999922513961792,
141064;716,475,48,79,;0.9999935626983643,
141065;716,474,48,79,;0.9999942779541016,
141066;716,475,48,78,;0.9999960660934448,
141067;716,475,48,78,;0.9999951124191284,
141068;716,475,48,78,;0.9999958276748657,
141069;714,475,49,79,;0.9999973773956299,
141070;714,475,49,78,;0.9999973773956299,
141071;715,475,49,78,;0.9999970197677612,
141072;714,475,49,80,;0.9999953508377075,
141073;714,474,49,80,;0.9999957084655762,
141074;714,474,49,80,;0.9999957084655762,
141075;714,474,49,80,;0.9999945163726807,
141076;714,474,49,80,;0.9999943971633911,
141077;714,474,49,79,;0.9999946355819702,
141078;714,474,49,80,;0.999995231628418,
141079;715,474,49,80,;0.999995231628418,
141080;714,474,49,80,;0.9999948740005493,
141081;714,473,49,81,;0.9999947547912598,
141082;715,473,49,80,;0.9999943971633911,
141083;715,473,49,81,;0.9999947547912598,
141084;714,473,50,81,;0.999996542930603,
141085;714,473,50,80,;0.9999945163726807,
141086;714,472,49,81,;0.999995231628418,
141087;714,472,50,81,;0.999996542930603,
141088;714,473,49,80,;0.9999960660934448,
141089;714,472,50,81,;0.9999964237213135,
141090;714,472,50,82,;0.999996542930603,
141091;714,472,50,81,;0.9999960660934448,
141092;713,472,51,82,;0.9999951124191284,
141093;713,470,51,85,;0.9999927282333374,
141094;713,470,52,85,;0.9999927282333374,
141095;713,470,52,85,;0.999992847442627,
141096;711,469,53,87,;0.9999830722808838,
141097;713,471,51,84,;0.9999957084655762,
141098;712,470,50,86,;0.9999892711639404,
141099;712,469,49,86,;0.9999823570251465,
141100;712,468,50,88,;0.9999915361404419,
141101;712,468,49,88,;0.9999935626983643,
141102;712,468,49,87,;0.9999899864196777,
141103;712,468,49,88,;0.9999901056289673,
141104;711,469,49,86,;0.9999940395355225,
141105;711,469,49,86,;0.9999959468841553,
141106;711,469,49,86,;0.9999960660934448,
141107;711,469,49,86,;0.9999977350234985,
141108;711,468,50,87,;0.9999971389770508,
141109;711,468,49,87,;0.9999979734420776,
141110;711,468,50,87,;0.9999960660934448,
141111;711,468,50,88,;0.9999954700469971,
141112;711,468,50,88,;0.999995231628418,
141113;711,468,50,88,;0.9999955892562866,
141114;711,467,50,89,;0.9999951124191284,
141115;711,467,50,88,;0.9999951124191284,
141116;710,467,51,87,;0.9999945163726807,
141117;710,467,51,87,;0.9999948740005493,
141118;710,467,51,88,;0.9999932050704956,
141119;710,467,51,88,;0.999996542930603,
141120;709,467,51,88,;0.9999970197677612,
141121;709,466,51,89,;0.9999954700469971,
141122;710,467,50,87,;0.999998927116394,
141123;710,467,50,86,;0.999998927116394,
141124;710,466,50,87,;0.9999986886978149,
141125;708,467,51,86,;0.999998927116394,
141126;709,466,50,85,;0.9999985694885254,
141127;708,466,51,86,;0.9999985694885254,
141128;708,465,51,85,;0.9999988079071045,
141129;709,466,50,84,;0.9999983310699463,
141130;708,465,51,85,;0.9999980926513672,
141131;708,467,51,84,;0.9999983310699463,
141132;708,466,51,84,;0.9999986886978149,
141133;708,465,52,85,;0.9999984502792358,
141134;707,466,51,84,;0.9999988079071045,
141135;707,465,51,84,;0.9999988079071045,
141136;707,465,51,84,;0.9999988079071045,
141137;707,465,50,84,;0.9999990463256836,
141138;708,464,50,84,;0.9999991655349731,
141139;707,464,50,84,;0.9999991655349731,
141140;707,463,49,85,;0.9999994039535522,
141141;707,463,49,85,;0.9999994039535522,
141142;707,463,50,86,;0.9999992847442627,
141143;707,463,50,86,;0.9999988079071045,
141144;707,462,49,85,;0.9999984502792358,
141145;707,462,49,85,;0.9999984502792358,
141146;706,463,50,84,;0.9999978542327881,
141147;705,463,51,84,;0.9999978542327881,
141148;705,463,51,84,;0.9999980926513672,
141149;704,463,51,83,;0.9999982118606567,
141150;703,464,52,81,;0.9999978542327881,
141151;704,463,52,83,;0.9999979734420776,
141152;703,465,52,80,;0.9999974966049194,
141153;702,464,53,81,;0.999997615814209,
141154;702,464,53,81,;0.9999977350234985,
141155;702,465,52,80,;0.999997615814209,
141156;702,465,52,80,;0.9999974966049194,
141157;702,465,52,80,;0.9999973773956299,
141158;701,463,52,82,;0.9999960660934448,
141159;702,464,52,82,;0.9999958276748657,
141160;702,464,52,82,;0.9999947547912598,
141161;700,463,53,81,;0.9999922513961792,
141162;700,463,53,81,;0.9999920129776001,
141163;700,462,52,83,;0.9999904632568359,
141164;699,462,51,83,;0.9999904632568359,
141165;700,463,51,82,;0.9999910593032837,
