191613;844,599,16,23,;0.7552907466888428,
191614;844,600,16,22,;0.8481226563453674,
191615;844,599,16,23,;0.8452024459838867,
191616;844,599,16,23,;0.8452024459838867,
191617;844,599,16,23,;0.8452024459838867,
191618;844,601,15,22,;0.7068992257118225,
191619;844,601,15,21,;0.7368516325950623,
191620;844,601,16,21,;0.8249333500862122,
191621;844,601,16,21,;0.8392816781997681,
191622;843,602,17,20,;0.7704070806503296,
191623;844,601,16,21,;0.8178868889808655,
191624;844,600,16,21,;0.8589346408843994,
191625;843,600,17,21,;0.740667998790741,
191626;843,600,17,21,;0.7431345582008362,
191627;843,600,18,21,;0.9865002036094666,
191628;843,601,18,21,;0.9792375564575195,
191629;843,601,18,21,;0.9743589162826538,
191630;843,601,18,21,;0.9576504230499268,
191631;843,601,18,21,;0.9608554244041443,
191632;843,601,18,21,;0.9796830415725708,
191633;842,601,18,22,;0.9671750068664551,
191634;842,600,17,22,;0.9705513715744019,
191635;843,600,16,24,;0.7828798294067383,
191636;843,600,16,24,;0.7828798294067383,
191637;843,600,16,24,;0.7828798294067383,
191638;843,598,15,25,;0.8279893398284912,
191639;843,599,15,24,;0.8583716154098511,
191640;843,599,16,24,;0.868770956993103,
191641;843,599,16,23,;0.9712390899658203,
191642;842,599,17,23,;0.9759265780448914,
191643;842,599,18,24,;0.9921685457229614,
191644;842,599,18,24,;0.9762736558914185,
191645;842,599,18,24,;0.990963339805603,
191646;842,598,18,24,;0.9947746992111206,
191647;842,598,17,24,;0.9915682077407837,
191648;842,598,17,24,;0.9933943748474121,
191649;842,598,17,24,;0.9932395815849304,
191650;842,598,17,24,;0.992960512638092,
191651;842,598,17,24,;0.9804348945617676,
191652;842,598,17,24,;0.9615795016288757,
191653;842,597,16,24,;0.7086877822875977,
191654;842,597,16,24,;0.7086877822875977,
191655;842,597,16,24,;0.7086877822875977,
191656;842,597,16,24,;0.7086877822875977,
191657;842,597,16,24,;0.7086877822875977,
191658;842,597,16,24,;0.7086877822875977,
191659;842,597,16,24,;0.7086877822875977,
191660;842,597,16,24,;0.7086877822875977,
191661;842,597,16,24,;0.7086877822875977,
191662;842,597,16,24,;0.7086877822875977,
191663;842,597,16,24,;0.7086877822875977,
191664;842,597,16,24,;0.7086877822875977,
191665;842,597,16,24,;0.7086877822875977,
191666;842,597,16,24,;0.7086877822875977,
191667;836,596,17,26,;0.8738868832588196,
191668;836,596,17,26,;0.8738868832588196,
191669;835,595,18,26,;0.9653300642967224,
191670;835,595,18,26,;0.9551934599876404,
191671;834,595,18,25,;0.9817764759063721,
191672;835,595,18,25,;0.9765061736106873,
191673;835,595,17,26,;0.9594374299049377,
191674;835,594,17,25,;0.962995707988739,
191675;836,594,16,26,;0.9017605781555176,
191676;835,595,17,24,;0.9696786999702454,
191677;836,595,16,24,;0.9710842967033386,
191678;834,594,17,25,;0.9817010760307312,
191679;834,594,17,24,;0.9866489768028259,
191680;836,595,16,24,;0.911384642124176,
191685;833,594,18,25,;0.8261253237724304,
191686;833,594,18,24,;0.8980772495269775,
191687;832,593,19,24,;0.9652896523475647,
191688;833,593,18,24,;0.949068009853363,
191689;832,592,18,25,;0.9508423209190369,
191690;832,592,18,26,;0.9055569171905518,
191691;831,590,18,27,;0.9617855548858643,
191692;832,591,18,26,;0.9771942496299744,
191693;831,592,18,26,;0.9534876942634583,
191694;830,591,17,26,;0.7161616683006287,
191695;829,590,17,28,;0.8658624291419983,
191696;830,588,17,25,;0.9656563401222229,
191697;829,589,17,24,;0.9644390344619751,
191698;829,588,17,23,;0.989085853099823,
191699;830,588,18,24,;0.9919507503509521,
191700;830,588,18,24,;0.9858753681182861,
191701;830,587,18,25,;0.9894332885742188,
191702;829,587,17,26,;0.9720134735107422,
191703;829,587,18,25,;0.9849650859832764,
191704;829,587,18,25,;0.9839931726455688,
191705;828,586,19,25,;0.9922074675559998,
191706;829,586,18,26,;0.9904544353485107,
191707;828,587,18,24,;0.9910811185836792,
191708;828,586,17,25,;0.9904954433441162,
191709;828,585,18,25,;0.9889459013938904,
191710;829,585,18,25,;0.9806203842163086,
191711;828,585,19,26,;0.9637846350669861,
191712;829,585,18,25,;0.9358514547348022,
191713;827,586,17,25,;0.9734513163566589,
191714;827,585,17,25,;0.9823324084281921,
191715;826,586,18,24,;0.9929529428482056,
191716;826,586,17,23,;0.9303678274154663,
191717;827,588,15,22,;0.8376457095146179,
191718;827,587,16,22,;0.9268895983695984,
191719;827,588,15,21,;0.739494264125824,
191721;826,585,17,21,;0.971623957157135,
191722;826,585,18,22,;0.9881551861763,
191723;826,586,17,22,;0.9812204837799072,
191724;826,585,18,22,;0.9891570210456848,
191725;826,585,16,24,;0.9873132109642029,
191726;823,584,19,24,;0.9955857396125793,
191727;824,583,18,25,;0.9920780658721924,
191728;823,583,17,26,;0.9791054129600525,
191729;823,583,17,26,;0.9772456884384155,
191730;824,583,16,25,;0.9473200440406799,
191731;824,582,18,24,;0.9858064651489258,
191732;824,583,18,24,;0.9857593774795532,
191733;826,584,16,22,;0.9536074995994568,
191734;825,584,17,22,;0.9478797912597656,
191735;825,583,18,23,;0.9750118255615234,
191736;825,584,18,22,;0.982952892780304,
191737;823,583,18,23,;0.9835224747657776,
191738;823,583,18,23,;0.9889335632324219,
191739;821,583,19,23,;0.9931257963180542,
191740;821,582,19,23,;0.9925649166107178,
191741;821,584,19,22,;0.9984620213508606,
191742;821,583,19,23,;0.9977407455444336,
191743;823,583,19,23,;0.993157148361206,
191744;823,583,18,23,;0.9847247004508972,
191745;821,582,19,24,;0.9939084649085999,
191746;820,583,19,23,;0.9919489026069641,
191747;821,582,18,24,;0.9776779413223267,
191748;822,582,18,24,;0.9835613369941711,
191749;821,580,19,25,;0.9910234808921814,
191750;822,581,18,25,;0.98990398645401,
191751;822,580,18,25,;0.9839302897453308,
191752;821,580,19,25,;0.9750615954399109,
191753;820,580,19,26,;0.9687326550483704,
191754;819,579,20,27,;0.9833535552024841,
191755;819,579,20,26,;0.9865788221359253,
191756;819,578,20,27,;0.9594950079917908,
191757;819,578,20,27,;0.9494115710258484,
191758;820,578,20,27,;0.874420702457428,
191759;816,577,21,27,;0.9415988922119141,
191760;815,578,21,27,;0.9610382914543152,
191761;814,579,22,26,;0.9830800294876099,
191762;815,578,21,26,;0.9780741930007935,
191763;814,578,21,25,;0.9866571426391602,
191764;813,580,22,24,;0.9949796795845032,
191765;813,580,22,25,;0.9902178049087524,
191766;813,580,22,24,;0.9921166300773621,
191767;813,580,21,24,;0.9970818758010864,
191768;813,579,22,25,;0.9991167187690735,
191769;813,578,21,25,;0.9986711740493774,
191770;813,578,22,25,;0.9989241361618042,
191771;813,578,22,25,;0.9984892010688782,
191772;813,578,21,25,;0.9982491731643677,
191773;813,578,21,26,;0.9967041611671448,
191774;813,577,21,27,;0.994124174118042,
191775;813,576,20,28,;0.9915390610694885,
191776;812,577,21,26,;0.9968313574790955,
191777;813,576,20,26,;0.9943724274635315,
191778;812,576,20,26,;0.9900339841842651,
191779;811,576,20,27,;0.9737904071807861,
191780;812,575,20,27,;0.9854961633682251,
191781;812,576,21,25,;0.9951271414756775,
191782;812,576,21,25,;0.9980029463768005,
191783;812,576,21,25,;0.9968274831771851,
191784;811,574,21,27,;0.9842490553855896,
191785;812,573,20,31,;0.7279084920883179,
191786;811,573,20,30,;0.7447876334190369,
191787;812,573,20,28,;0.9508939385414124,
191788;812,573,20,28,;0.9914035797119141,
191789;812,573,19,28,;0.9792235493659973,
191790;812,573,20,28,;0.9786021709442139,
191791;811,573,21,27,;0.9952226877212524,
191792;811,574,21,25,;0.9984984397888184,
191793;811,573,19,27,;0.9862472414970398,
191794;810,573,20,27,;0.979237973690033,
191795;809,573,21,28,;0.9495880603790283,
191796;810,573,21,27,;0.9564818739891052,
191797;811,574,20,26,;0.9958677887916565,
191798;811,574,20,26,;0.9887171983718872,
191799;809,573,21,28,;0.9779160022735596,
191800;809,573,21,28,;0.9835984110832214,
191801;808,573,21,27,;0.9938186407089233,
191802;808,573,20,27,;0.9844505190849304,
191803;807,574,21,26,;0.9862946271896362,
191804;806,573,22,27,;0.9433574080467224,
191805;806,573,21,25,;0.9882552623748779,
191806;806,573,22,25,;0.9965545535087585,
191807;807,573,22,26,;0.9972736239433289,
191808;806,572,23,26,;0.9929907917976379,
191809;807,572,22,25,;0.9925511479377747,
191810;808,572,21,25,;0.9949908256530762,
191811;807,571,23,27,;0.9989883303642273,
191812;806,572,23,26,;0.9977703094482422,
191813;806,571,23,27,;0.996941089630127,
191814;806,570,23,27,;0.9949478507041931,
191815;807,570,22,27,;0.9942594170570374,
191816;806,570,22,27,;0.9914242625236511,
191817;806,571,21,26,;0.9948310256004333,
191818;805,571,22,26,;0.9965053796768188,
191819;805,570,22,25,;0.9930708408355713,
191820;805,570,22,26,;0.9767122864723206,
191821;804,569,22,27,;0.9963586330413818,
191822;804,570,22,26,;0.9923970103263855,
191823;805,569,22,27,;0.9876903891563416,
191824;805,569,22,27,;0.986570417881012,
191825;805,566,20,28,;0.9956873655319214,
191826;804,566,21,28,;0.9878109693527222,
191827;805,566,20,28,;0.9939767122268677,
191828;803,566,21,28,;0.9925493001937866,
191829;804,566,20,27,;0.9694818258285522,
191830;804,566,20,28,;0.9729175567626953,
191831;803,566,19,27,;0.9447474479675293,
191832;803,567,19,26,;0.9069311022758484,
191833;803,567,19,26,;0.8787176012992859,
191834;797,565,25,28,;0.9690302014350891,
191835;804,566,18,26,;0.9538721442222595,
191836;797,565,25,28,;0.9865845441818237,
191837;797,565,26,28,;0.9975402355194092,
191838;797,564,25,29,;0.9957936406135559,
191839;798,565,24,28,;0.9986314177513123,
191840;797,564,24,29,;0.9974614381790161,
191841;797,565,23,28,;0.9990818500518799,
191842;795,563,25,29,;0.9996616840362549,
191843;796,564,24,28,;0.9994409680366516,
191844;794,564,24,28,;0.9993876218795776,
191845;796,563,22,29,;0.9693954586982727,
191846;794,563,23,28,;0.9502582550048828,
191847;794,563,23,28,;0.9910905361175537,
191848;794,562,23,29,;0.9881930947303772,
191849;792,562,23,27,;0.9964563846588135,
191850;792,563,24,28,;0.9948747754096985,
191851;791,563,24,29,;0.9933953285217285,
191852;790,562,25,29,;0.9946151375770569,
191853;789,562,25,29,;0.999396026134491,
191854;789,562,26,29,;0.9994903802871704,
191855;787,561,25,29,;0.999889612197876,
191856;790,561,24,29,;0.9993433356285095,
191857;788,561,26,30,;0.9992566704750061,
191858;789,561,25,30,;0.997352659702301,
191859;788,559,26,31,;0.9996247291564941,
191860;788,559,26,31,;0.9994828701019287,
191861;786,558,27,32,;0.9997854828834534,
191862;785,557,27,32,;0.9998359680175781,
191863;784,556,27,32,;0.9998785257339478,
191864;784,557,27,32,;0.9999344348907471,
191865;784,556,26,31,;0.9999054670333862,
191866;784,556,25,31,;0.9998278617858887,
191867;783,556,25,31,;0.9996998906135559,
191868;783,554,25,34,;0.9993273615837097,
191869;780,552,26,36,;0.9980847239494324,
191870;779,551,26,35,;0.997991144657135,
191871;777,550,27,35,;0.9967072606086731,
191872;777,548,27,37,;0.994702935218811,
191873;776,550,27,35,;0.997833251953125,
191874;776,550,28,34,;0.9996808171272278,
191875;776,549,29,35,;0.999840497970581,
191876;775,549,29,35,;0.99980628490448,
191877;775,549,29,35,;0.9996952414512634,
191878;773,547,30,35,;0.9996986985206604,
191879;772,545,30,35,;0.9996669292449951,
191880;772,546,29,34,;0.9990463256835938,
191881;772,545,29,34,;0.9981292486190796,
191882;772,544,29,35,;0.9982526302337646,
191883;772,545,29,34,;0.9971092343330383,
191884;771,545,29,33,;0.9910588264465332,
191885;770,545,31,33,;0.9816094636917114,
191886;768,539,35,41,;0.9962859749794006,
191887;767,540,36,39,;0.9984596967697144,
191888;766,539,36,39,;0.9984745383262634,
191889;767,539,33,39,;0.9982191920280457,
191890;768,539,33,39,;0.9966239929199219,
191891;768,540,34,37,;0.9987743496894836,
191892;767,540,34,38,;0.9995192885398865,
191893;766,539,34,38,;0.9998854398727417,
191894;763,538,35,39,;0.9999487400054932,
191895;763,538,35,38,;0.9999649524688721,
191896;764,537,34,38,;0.9999598264694214,
191897;763,536,35,39,;0.9999572038650513,
191898;762,536,36,40,;0.999950647354126,
191899;761,534,35,41,;0.999951958656311,
191900;760,534,36,42,;0.9999572038650513,
191901;758,532,38,43,;0.9999488592147827,
191902;756,532,39,44,;0.9999016523361206,
191903;756,530,39,45,;0.9999392032623291,
191904;757,530,38,44,;0.9999552965164185,
191905;754,531,37,42,;0.9999788999557495,
191906;754,531,37,42,;0.9999911785125732,
191907;753,529,37,44,;0.999993085861206,
191908;753,529,38,44,;0.9999963045120239,
191909;752,528,38,44,;0.9999964237213135,
191910;752,527,37,44,;0.9999982118606567,
191911;752,526,38,45,;0.9999984502792358,
191912;751,526,38,45,;0.9999983310699463,
191913;750,526,38,44,;0.9999977350234985,
191914;749,526,37,44,;0.9999972581863403,
191915;749,525,36,44,;0.999995231628418,
191916;748,524,36,45,;0.9999951124191284,
191917;747,524,38,46,;0.9999961853027344,
191918;745,522,39,47,;0.9999954700469971,
191919;745,521,40,47,;0.9999948740005493,
191920;744,520,40,48,;0.9999948740005493,
191921;742,519,39,49,;0.999992847442627,
191922;743,518,38,49,;0.9999911785125732,
191923;741,517,39,49,;0.9999916553497314,
191924;740,517,40,50,;0.9999918937683105,
191925;740,516,39,50,;0.9999889135360718,
191926;739,515,40,51,;0.9999828338623047,
191927;738,515,39,50,;0.9999650716781616,
191928;736,513,39,50,;0.9999535083770752,
191929;735,512,40,51,;0.9999746084213257,
191930;733,512,41,51,;0.9999749660491943,
191931;734,511,40,51,;0.9999839067459106,
191932;733,510,41,52,;0.9999802112579346,
191933;731,510,42,52,;0.9999717473983765,
191934;730,508,42,53,;0.999963641166687,
191935;729,507,42,54,;0.999956488609314,
191936;729,506,41,53,;0.999956488609314,
191937;728,506,41,53,;0.9999537467956543,
191938;726,504,43,55,;0.9999325275421143,
191939;724,503,43,55,;0.9999415874481201,
191940;725,503,42,55,;0.9999558925628662,
191941;723,502,43,56,;0.9999510049819946,
191942;723,500,42,57,;0.9999511241912842,
191943;722,501,42,56,;0.9999619722366333,
191944;720,499,41,57,;0.9999841451644897,
191945;720,498,41,57,;0.9999878406524658,
191946;719,496,42,58,;0.9999867677688599,
191947;717,496,43,58,;0.9999819993972778,
191948;716,495,44,58,;0.999956488609314,
191949;715,494,43,57,;0.9999810457229614,
191950;713,494,45,57,;0.999990701675415,
191951;713,492,44,58,;0.9999876022338867,
191952;713,490,44,59,;0.9999926090240479,
191953;710,489,45,61,;0.9999575614929199,
191954;709,489,46,62,;0.9998738765716553,
191955;707,488,47,60,;0.9999322891235352,
191956;707,486,45,61,;0.9999539852142334,
191957;703,487,48,60,;0.9999159574508667,
191958;702,485,47,61,;0.9999443292617798,
191959;701,485,47,60,;0.9999386072158813,
191960;701,483,46,61,;0.9999349117279053,
191961;697,484,49,60,;0.9998853206634521,
191962;696,482,49,61,;0.9998078346252441,
191963;695,481,49,62,;0.9997802972793579,
191964;693,480,49,62,;0.9997096061706543,
191965;693,477,50,64,;0.9996305704116821,
191966;692,476,50,64,;0.9997475147247314,
191967;689,477,50,62,;0.9998704195022583,
191968;688,474,49,63,;0.999901533126831,
191969;687,474,50,62,;0.9999244213104248,
191970;684,473,52,62,;0.9999480247497559,
191971;684,470,49,65,;0.999977707862854,
191972;682,470,50,64,;0.9999837875366211,
191973;680,468,51,64,;0.9999923706054688,
191974;679,466,51,65,;0.9999921321868896,
191975;675,464,54,69,;0.9999427795410156,
191976;674,463,55,67,;0.9999204874038696,
191977;672,460,56,71,;0.9999663829803467,
191978;671,459,53,71,;0.9999932050704956,
191979;671,457,52,74,;0.9999969005584717,
191980;667,455,57,75,;0.9999947547912598,
191981;666,454,54,74,;0.9999864101409912,
191982;663,453,55,73,;0.9999862909317017,
191983;660,454,57,70,;0.9999637603759766,
191984;659,450,55,73,;0.9999790191650391,
191985;656,449,58,73,;0.9999656677246094,
191986;655,448,58,74,;0.99994957447052,
191987;653,445,56,75,;0.9999696016311646,
191988;651,444,58,75,;0.9999561309814453,
191989;646,443,61,76,;0.999963641166687,
191990;646,440,58,77,;0.9999794960021973,
191991;642,438,62,79,;0.9999388456344604,
191992;640,437,63,77,;0.9999654293060303,
191993;637,435,64,78,;0.9999854564666748,
191994;635,433,64,79,;0.9999932050704956,
191995;633,429,63,84,;0.9999765157699585,
191996;631,429,63,83,;0.9999765157699585,
191997;626,425,67,88,;0.9999948740005493,
191998;626,423,66,88,;0.9999964237213135,
191999;623,423,66,84,;0.999994158744812,
192000;621,421,66,83,;0.9999933242797852,
192001;618,418,67,86,;0.9999889135360718,
192002;615,415,68,88,;0.9999877214431763,
192003;611,412,71,91,;0.999980092048645,
192004;608,410,69,93,;0.999936580657959,
192005;605,410,72,87,;0.9999711513519287,
192006;601,405,71,91,;0.999983549118042,
192007;599,404,72,89,;0.9999829530715942,
192008;596,401,73,91,;0.9999910593032837,
192009;594,396,73,97,;0.9999967813491821,
192010;588,396,75,97,;0.9999432563781738,
192011;587,394,74,96,;0.9999978542327881,
192012;584,391,76,98,;0.9999980926513672,
192013;580,389,75,98,;0.9999886751174927,
192014;576,385,78,99,;0.9999732971191406,
192015;571,382,81,101,;0.9999783039093018,
192016;568,379,79,101,;0.9999849796295166,
192017;565,376,80,103,;0.9999853372573853,
192018;560,373,81,104,;0.9999901056289673,
192019;556,369,81,105,;0.9999939203262329,
192020;553,368,84,104,;0.9999951124191284,
192021;550,362,82,109,;0.9999631643295288,
192022;543,360,87,107,;0.999976634979248,
192023;537,358,91,107,;0.9999923706054688,
192024;531,355,87,111,535,354,90,111,;0.9021463990211487,0.9999954700469971,
192025;526,354,91,110,531,349,88,113,;0.9931240677833557,0.999994158744812,
192026;523,350,94,110,527,346,89,114,;0.9962509274482727,0.9999924898147583,
192027;519,345,94,111,522,345,90,112,;0.9951709508895874,0.9999905824661255,
192028;513,340,98,116,515,341,95,111,;0.9983385801315308,0.9999774694442749,
192029;511,338,96,113,511,337,92,115,;0.997124969959259,0.9999022483825684,
192030;504,334,99,113,510,330,88,120,;0.998599112033844,0.9997603297233582,
192031;500,330,96,115,502,328,95,118,;0.9990420341491699,0.9999833106994629,
192032;494,324,95,121,499,322,92,122,;0.9997954368591309,0.999993085861206,
192033;487,319,98,124,493,318,94,121,;0.9999383687973022,0.999977707862854,
192034;482,314,97,124,486,312,95,126,;0.999923825263977,0.9997807145118713,
192035;476,311,101,121,481,301,92,140,;0.9998419284820557,0.9996126890182495,
192036;473,304,98,131,475,294,93,150,;0.9999816417694092,0.9999260902404785,
192037;465,298,103,133,466,283,101,161,;0.9999140501022339,0.9909263253211975,
192038;458,297,108,128,454,293,115,129,;0.9999819993972778,0.9919365048408508,
192039;447,288,112,136,448,294,114,123,;0.9999741315841675,0.9347101449966431,
192040;442,283,110,140,456,278,86,143,;0.9999589920043945,0.9273195862770081,
192041;436,276,109,143,440,277,104,141,;0.9999630451202393,0.7468627691268921,
192042;428,271,112,144,;0.9999517202377319,
192043;421,267,114,144,;0.9999570846557617,
192044;415,260,114,146,;0.9998730421066284,
192045;408,253,114,151,;0.9999760389328003,
192046;399,247,116,154,;0.9999897480010986,
192047;388,241,121,152,;0.9999909400939941,
192048;383,235,119,156,;0.9999604225158691,
192049;371,228,129,156,;0.9999935626983643,
192050;361,221,130,159,;0.9999924898147583,
192051;354,212,126,161,;0.9999687671661377,
192052;341,203,131,168,;0.999975323677063,
192053;329,192,136,176,;0.9999858140945435,
192054;320,183,140,182,;0.9999904632568359,
192055;306,178,148,178,;0.9999914169311523,
192056;295,168,149,180,;0.9999871253967285,
192057;289,156,140,187,;0.9999858140945435,
192058;273,146,154,196,;0.99998939037323,
192059;259,134,154,200,;0.99998939037323,
192060;245,122,155,204,;0.9999864101409912,
192061;227,108,165,215,;0.9999758005142212,
192062;214,100,166,212,;0.9999730587005615,
192063;203,87,168,221,;0.9999749660491943,
192064;185,76,173,219,;0.9998717308044434,
192065;169,58,175,230,;0.9998245239257812,
192066;148,50,182,224,;0.9997705817222595,
192067;130,32,183,233,;0.996699333190918,
192068;111,46,180,180,;0.9990041851997375,
192069;70,1,227,243,;0.9943374395370483,