73721;883,605,16,18,;0.9455348253250122,
73722;883,605,16,18,;0.9165624976158142,
73723;881,605,17,18,;0.957274854183197,
73724;880,605,17,17,;0.9630622863769531,
73725;880,605,17,18,;0.9845257997512817,
73726;881,605,17,17,;0.9928197860717773,
73727;881,605,17,18,;0.9866552352905273,
73728;882,606,16,17,;0.9978049993515015,
73729;879,605,17,18,;0.9900643825531006,
73730;880,605,17,18,;0.981537938117981,
73731;880,605,17,18,;0.9714966416358948,
73732;879,606,17,17,;0.9949357509613037,
73733;880,607,16,16,;0.9946242570877075,
73734;880,606,16,17,;0.9968482255935669,
73735;878,606,17,18,;0.9925956726074219,
73736;878,606,17,18,;0.9914904832839966,
73737;879,605,17,18,;0.9932752251625061,
73738;879,605,17,18,;0.9889621138572693,
73739;879,606,16,18,;0.9944220185279846,
73740;879,606,15,17,;0.9985422492027283,
73741;879,606,16,17,;0.9974725842475891,
73742;879,606,16,17,;0.9975730180740356,
73743;879,605,16,17,;0.9988194108009338,
73744;879,605,15,17,;0.999239981174469,
73745;879,605,15,17,;0.998842716217041,
73746;879,606,15,17,;0.9960814118385315,
73747;879,607,15,17,;0.9947428703308105,
73748;879,607,16,18,;0.9846147298812866,
73749;879,605,16,19,;0.9691482782363892,
73750;879,606,16,19,;0.9754535555839539,
73751;879,607,16,18,;0.9939272403717041,
73752;879,605,15,19,;0.8390672206878662,
73753;878,605,15,19,;0.8154193758964539,
73754;880,606,14,19,;0.7240848541259766,
73755;879,607,15,18,;0.9415801763534546,
73756;879,606,15,19,;0.856269121170044,
73757;879,605,14,19,;0.7241805791854858,
73758;878,605,15,19,;0.7719424366950989,
73759;876,603,15,20,;0.8178858160972595,
73761;875,601,17,23,;0.7796257734298706,
73762;875,601,17,22,;0.8375023603439331,
73763;876,602,15,20,;0.9580137729644775,
73764;875,603,15,20,;0.9838257431983948,
73765;875,604,15,20,;0.9812469482421875,
73766;876,603,16,22,;0.8565918207168579,
73767;874,604,17,21,;0.8111923336982727,
73768;875,605,16,20,;0.9861003160476685,
73769;874,604,17,20,;0.9808899164199829,
73770;873,604,17,19,;0.9850996136665344,
73771;874,604,17,21,;0.8148475885391235,
73772;874,604,18,21,;0.8693984150886536,
73773;875,604,17,20,;0.9726577401161194,
73774;875,604,16,19,;0.9895042181015015,
73775;875,605,16,20,;0.9582500457763672,
73776;875,603,16,19,;0.9788659811019897,
73777;874,603,17,20,;0.9955952167510986,
73778;874,604,17,20,;0.99973064661026,
73779;874,604,16,20,;0.999588668346405,
73780;873,604,17,20,;0.9989232420921326,
73781;873,604,17,20,;0.9995126724243164,
73782;873,604,17,19,;0.9997828602790833,
73783;872,604,17,19,;0.9997574687004089,
73784;872,604,17,19,;0.999708354473114,
73785;874,605,16,18,;0.9990792274475098,
73786;873,604,16,19,;0.9949738383293152,
73787;872,605,16,18,;0.9990928769111633,
73788;872,605,16,18,;0.999104917049408,
73789;873,604,16,19,;0.9973939061164856,
73790;873,604,16,19,;0.9981683492660522,
73791;871,605,16,18,;0.9994273781776428,
73792;871,605,16,18,;0.9997705817222595,
73793;870,605,16,17,;0.9995265603065491,
73794;869,605,15,18,;0.9995678067207336,
73795;869,604,16,18,;0.9996758699417114,
73796;868,604,15,19,;0.999483585357666,
73797;868,603,16,19,;0.9997469782829285,
73798;868,604,15,18,;0.9997462630271912,
73799;869,604,15,17,;0.9998553991317749,
73800;868,604,16,17,;0.9998548030853271,
73801;867,604,15,17,;0.9999312162399292,
73802;867,603,15,17,;0.9999266862869263,
73803;865,604,16,17,;0.9999016523361206,
73804;865,603,16,18,;0.9999508857727051,
73805;866,603,16,18,;0.9999606609344482,
73806;867,603,16,17,;0.9999113082885742,
73807;867,602,15,18,;0.9999016523361206,
73808;867,602,15,18,;0.9998987913131714,
73810;867,601,16,19,;0.9998787641525269,
73811;868,602,15,18,;0.9998962879180908,
73812;867,602,15,18,;0.9998760223388672,
73813;867,602,15,18,;0.9998770952224731,
73814;868,602,16,17,;0.9999188184738159,
73815;867,602,15,18,;0.9998767375946045,
73816;867,602,16,18,;0.9998912811279297,
73817;866,602,16,18,;0.9998089075088501,
73818;866,601,16,19,;0.9998239278793335,
73819;866,602,17,18,;0.9998352527618408,
73820;866,601,16,19,;0.9998760223388672,
73821;866,602,16,18,;0.9999045133590698,
73822;866,601,16,19,;0.9999144077301025,
73823;866,601,16,18,;0.999933123588562,
73824;865,600,16,19,;0.9999202489852905,
73825;866,600,16,19,;0.9998950958251953,
73826;865,600,16,19,;0.9998729228973389,
73827;864,600,17,20,;0.9998910427093506,
73828;863,600,17,20,;0.9998914003372192,
73829;865,599,16,19,;0.9998912811279297,
73830;864,600,16,19,;0.9999092817306519,
73831;864,599,16,19,;0.9999176263809204,
73832;864,599,16,20,;0.9999181032180786,
73833;863,599,16,20,;0.999942421913147,
73834;863,599,16,20,;0.9999382495880127,
73835;863,599,16,20,;0.9999438524246216,
73836;863,599,16,20,;0.9999290704727173,
73837;863,598,16,20,;0.9999275207519531,
73838;863,597,16,21,;0.9999222755432129,
73839;863,598,16,20,;0.9998794794082642,
73840;862,597,16,21,;0.9998581409454346,
73841;861,597,16,21,;0.9998679161071777,
73842;861,597,16,21,;0.9998726844787598,
73843;858,596,17,21,;0.9999158382415771,
73844;859,596,17,21,;0.9998772144317627,
73845;858,596,17,21,;0.999850869178772,
73846;859,596,16,22,;0.9991807341575623,
73847;859,595,16,23,;0.999270498752594,
73848;858,596,17,22,;0.9994527697563171,
73849;858,596,17,22,;0.9995731711387634,
73850;859,596,16,22,;0.9989812970161438,
73851;858,594,16,23,;0.9984760880470276,
73852;857,594,16,23,;0.9985392093658447,
73853;858,594,16,22,;0.998768150806427,
73854;857,593,16,23,;0.9984334111213684,
73855;857,593,17,22,;0.9986836910247803,
73856;857,593,17,21,;0.9994176030158997,
73857;856,594,17,21,;0.999617338180542,
73858;855,594,17,22,;0.9997637867927551,
73859;855,594,18,22,;0.9998667240142822,
73860;854,594,18,22,;0.9998921155929565,
73861;854,592,18,23,;0.9998971223831177,
73862;855,592,18,23,;0.9998791217803955,
73863;854,592,18,23,;0.9997665286064148,
73864;853,591,19,23,;0.9997745156288147,
73865;852,591,19,23,;0.9995635151863098,
73866;852,591,19,23,;0.9996232986450195,
73867;853,592,18,22,;0.9994527697563171,
73868;854,592,18,22,;0.9996978640556335,
73869;853,591,18,23,;0.9996365308761597,
73870;851,591,19,23,;0.999584972858429,
73871;851,591,19,23,;0.9995115995407104,
73872;850,591,19,23,;0.9996700286865234,
73873;851,589,18,23,;0.9999229907989502,
73874;850,589,19,24,;0.999958872795105,
73875;850,589,19,24,;0.9999487400054932,
73876;850,588,19,24,;0.9999504089355469,
73877;850,588,18,24,;0.999911904335022,
73878;849,588,18,24,;0.9999016523361206,
73879;849,587,18,24,;0.9999064207077026,
73880;849,587,18,24,;0.9999181032180786,
73881;849,587,18,24,;0.9999157190322876,
73882;849,586,18,25,;0.9998631477355957,
73883;849,585,18,25,;0.9995730519294739,
73884;849,585,18,25,;0.9994969367980957,
73885;848,585,18,25,;0.9997733235359192,
73886;847,585,19,25,;0.9998874664306641,
73887;846,585,19,25,;0.9999439716339111,
73888;845,585,19,25,;0.9999459981918335,
73889;845,584,19,25,;0.9999500513076782,
73890;845,583,20,25,;0.9999414682388306,
73891;845,583,20,25,;0.999930739402771,
73892;845,583,19,26,;0.9999442100524902,
73893;844,583,20,25,;0.9999812841415405,
73894;845,583,20,25,;0.9999891519546509,
73895;844,582,20,25,;0.9999860525131226,
73896;844,582,20,25,;0.999984860420227,
73897;844,582,20,26,;0.9999755620956421,
73898;842,581,21,26,;0.9999651908874512,
73899;841,581,21,26,;0.9999618530273438,
73900;841,581,21,26,;0.9999581575393677,
73901;841,580,21,26,;0.9999556541442871,
73902;840,580,21,26,;0.9999295473098755,
73903;840,580,21,26,;0.99992835521698,
73904;840,579,22,26,;0.9999382495880127,
73905;839,579,22,26,;0.999930739402771,
73906;839,578,22,27,;0.9999345541000366,
73907;839,579,22,26,;0.9999570846557617,
73908;839,579,22,26,;0.9999426603317261,
73909;837,577,23,27,;0.9995494484901428,
73910;836,577,22,28,;0.9995402693748474,
73911;836,577,21,28,;0.9999120235443115,
73912;835,575,22,29,;0.9999712705612183,
73913;835,576,22,29,;0.999901533126831,
73914;834,575,23,30,;0.9998369216918945,
73915;834,575,23,29,;0.9999632835388184,
73916;835,574,24,30,;0.9999696016311646,
73917;834,574,24,29,;0.9999948740005493,
73918;834,574,23,29,;0.9999953508377075,
73919;833,573,23,29,;0.9999935626983643,
73920;831,573,23,29,;0.9999964237213135,
73921;830,572,23,29,;0.9999960660934448,
73922;829,572,24,29,;0.9999966621398926,
73923;829,572,24,29,;0.9999951124191284,
73924;829,571,23,30,;0.9999934434890747,
73925;828,571,24,30,;0.9999904632568359,
73926;828,570,24,29,;0.9999810457229614,
73927;828,571,24,29,;0.9999737739562988,
73928;826,571,25,30,;0.9999512434005737,
73929;826,570,25,30,;0.9999731779098511,
73930;826,569,26,30,;0.9999549388885498,
73931;826,568,26,31,;0.9998427629470825,
73932;826,567,26,31,;0.999798595905304,
73933;826,567,26,31,;0.9998551607131958,
73934;825,567,26,31,;0.9997619986534119,
73935;822,568,27,30,;0.9996992945671082,
73936;821,566,26,32,;0.999885082244873,
73937;820,566,27,32,;0.9998946189880371,
73938;821,564,26,32,;0.9997275471687317,
73939;820,563,27,33,;0.9998676776885986,
73940;821,564,26,32,;0.9998478889465332,
73941;820,563,25,31,;0.9998620748519897,
73942;818,563,27,32,;0.9999266862869263,
73943;819,563,26,32,;0.9999449253082275,
73944;818,562,27,32,;0.9999587535858154,
73945;817,561,28,33,;0.9999626874923706,
73946;815,560,30,34,;0.9999631643295288,
73947;815,560,29,34,;0.9999603033065796,
73948;816,560,27,34,;0.9999477863311768,
73949;816,560,28,34,;0.9999393224716187,
73950;814,559,30,35,;0.9999516010284424,
73951;811,558,30,35,;0.9999809265136719,
73952;811,557,30,35,;0.9999853372573853,
73953;811,556,30,36,;0.9999781847000122,
73954;808,555,31,36,;0.9999722242355347,
73955;809,553,31,37,;0.999953031539917,
73956;808,553,32,37,;0.9999698400497437,
73957;808,553,32,37,;0.9999583959579468,
73958;806,552,31,38,;0.9999663829803467,
73959;806,551,31,38,;0.9999672174453735,
73960;805,550,32,38,;0.999975323677063,
73961;806,549,30,39,;0.999972939491272,
73962;806,550,29,38,;0.999984622001648,
73963;803,550,31,38,;0.9999833106994629,
73964;803,549,31,38,;0.9999862909317017,
73965;803,549,32,38,;0.999983549118042,
73966;803,547,31,39,;0.9999843835830688,
73967;803,545,29,41,;0.9999891519546509,
73968;801,544,31,41,;0.9999964237213135,
73969;800,544,31,41,;0.9999969005584717,
73970;798,542,31,41,;0.9999963045120239,
73971;799,541,30,42,;0.9999958276748657,
73972;797,541,31,41,;0.9999947547912598,
73973;797,539,31,43,;0.9999922513961792,
73974;795,540,32,42,;0.9998887777328491,
73975;794,539,31,44,;0.9999173879623413,
73976;794,538,32,42,;0.9998151659965515,
73977;795,538,30,42,;0.9999474287033081,
73978;795,537,30,42,;0.9999769926071167,
73979;791,536,32,43,;0.9999977350234985,
73980;789,535,31,43,;0.9999939203262329,
73981;788,533,31,43,;0.9999927282333374,
73982;788,533,32,43,;0.9999839067459106,
73983;787,532,32,43,;0.9999880790710449,
73984;785,532,34,44,;0.9999901056289673,
73985;783,530,35,44,;0.9999741315841675,
73986;784,531,34,42,;0.9999865293502808,
73987;781,529,35,43,;0.9999876022338867,
73988;780,530,35,43,;0.9999842643737793,
73989;778,529,37,43,;0.9999881982803345,
73990;778,528,38,44,;0.9999905824661255,
73991;776,526,39,43,;0.99998939037323,
73992;774,525,37,45,;0.9999899864196777,
73993;774,524,38,45,;0.9999933242797852,
73994;774,523,38,44,;0.999990701675415,
73995;772,522,40,45,;0.9999910593032837,
73996;770,521,39,46,;0.9999935626983643,
73997;768,519,39,48,;0.9999924898147583,
73998;768,517,40,49,;0.9999935626983643,
73999;767,517,40,48,;0.9999921321868896,
74000;766,517,40,48,;0.9999817609786987,
74001;765,514,39,48,;0.999895453453064,
74002;763,513,41,49,;0.9999737739562988,
74003;761,512,41,50,;0.9999837875366211,
74004;760,511,41,50,;0.9999884366989136,
74005;758,509,41,51,;0.9999927282333374,
74006;756,508,41,52,;0.9999951124191284,
74007;755,506,41,53,;0.9999929666519165,
74008;755,504,42,53,;0.9999914169311523,
74009;753,505,42,52,;0.9999948740005493,
74010;752,504,41,52,;0.9999974966049194,
74011;751,501,42,53,;0.9999985694885254,
74012;750,500,44,53,;0.9999984502792358,
74013;749,498,42,54,;0.9999960660934448,
74014;746,494,43,56,;0.9999942779541016,
74015;743,494,45,56,;0.9999891519546509,
74016;740,492,45,58,;0.999913215637207,
74017;738,490,45,59,;0.99979168176651,
74018;737,488,46,58,;0.9994390606880188,
74019;737,488,46,58,;0.9997443556785583,
74020;735,485,46,58,;0.999839186668396,
74021;731,484,49,58,;0.9996289014816284,
74022;731,483,48,58,;0.9995433688163757,
74023;726,479,49,62,;0.999682605266571,
74024;725,477,50,63,;0.9997731447219849,
74025;723,475,49,64,;0.9998245239257812,
74026;720,473,50,65,;0.9999434947967529,
74027;719,471,50,65,;0.99996018409729,
74028;716,470,50,64,;0.9999879598617554,
74029;712,465,53,69,;0.9999727010726929,
74030;711,464,51,69,;0.9998255968093872,
74031;710,461,52,69,;0.9999823570251465,
74032;709,461,52,67,;0.9999953508377075,
74033;704,458,53,70,;0.9999819993972778,
74034;701,455,55,71,;0.999972939491272,
74035;697,454,55,70,;0.9999667406082153,
74036;693,450,57,71,;0.9999477863311768,
74037;693,448,55,71,;0.9999371767044067,
74038;689,445,57,73,;0.9999600648880005,
74039;687,441,56,75,;0.9999700784683228,
74040;683,440,59,75,;0.999931812286377,
74041;680,437,60,75,;0.9999563694000244,
74042;676,433,61,75,;0.999976634979248,
74043;673,430,60,79,;0.9999904632568359,
74044;671,431,62,73,;0.9999841451644897,
74045;665,423,63,82,;0.9999899864196777,
74046;660,420,66,81,;0.999988317489624,
74047;657,418,66,82,;0.9999837875366211,
74048;655,412,65,86,;0.9999077320098877,
74049;651,410,65,85,;0.9999442100524902,
74050;646,407,67,85,;0.9999529123306274,
74051;641,401,70,89,;0.9999717473983765,
74052;637,397,71,91,;0.9999922513961792,
74053;632,393,74,93,;0.9999971389770508,
74054;628,391,74,92,;0.999954342842102,
74055;623,384,74,95,;0.9999862909317017,
74056;618,379,73,98,;0.9999749660491943,
74057;614,375,74,100,;0.9999898672103882,
74058;609,370,76,101,;0.9999901056289673,
74059;601,364,80,104,;0.9999797344207764,
74060;597,360,79,104,;0.9999754428863525,
74061;590,351,82,111,;0.9999961853027344,
74062;575,343,94,125,584,348,83,108,;0.7825966477394104,0.9999819993972778,
74063;578,341,83,112,;0.9999865293502808,
74064;564,331,88,124,571,334,87,115,;0.9816839098930359,0.9999592304229736,
74065;562,325,91,125,566,328,86,119,;0.9985103011131287,0.9999701976776123,
74066;556,322,94,118,557,323,90,118,;0.9995084404945374,0.9999902248382568,
74067;547,316,97,117,549,317,92,117,;0.9983415007591248,0.9999881982803345,
74068;539,312,100,115,541,307,94,123,;0.9997677206993103,0.9993250966072083,
74069;531,301,99,126,534,298,93,129,;0.9999887943267822,0.9999470710754395,
74070;523,291,100,130,524,291,97,129,;0.9999520778656006,0.9987766742706299,
74071;510,283,106,131,519,281,89,138,;0.9999498128890991,0.9892112016677856,
74072;502,273,106,136,509,277,98,136,;0.9999697208404541,0.9672122001647949,
74073;490,263,109,141,;0.9999443292617798,
74074;484,257,107,138,;0.9999850988388062,
74075;469,247,116,142,;0.9999877214431763,
74076;459,236,117,144,;0.9999862909317017,
74077;448,224,123,150,;0.9999939203262329,
74078;431,211,125,155,;0.9999688863754272,
74079;420,197,126,163,;0.9999836683273315,
74080;404,186,131,166,;0.9999885559082031,
74081;386,171,137,171,;0.9999921321868896,
74082;377,158,133,171,;0.9999897480010986,
74083;354,142,150,181,;0.9999974966049194,
74084;338,125,150,186,;0.9999885559082031,
74085;317,104,153,200,;0.9999809265136719,
74086;292,88,164,198,;0.9999949932098389,
74087;275,61,162,218,;0.9999825954437256,
74088;250,43,173,221,;0.9999531507492065,
74089;221,18,182,229,;0.9998993873596191,
74090;170,0,189,229,;0.999687135219574,