73720;883,605,16,18,;0.9455348253250122,
73721;883,605,16,18,;0.9165624976158142,
73722;881,605,17,18,;0.957274854183197,
73723;880,605,17,17,;0.9630622863769531,
73724;880,605,17,18,;0.9845257997512817,
73725;881,605,17,17,;0.9928197860717773,
73726;881,605,17,18,;0.9866552352905273,
73727;882,606,16,17,;0.9978049993515015,
73728;879,605,17,18,;0.9900643825531006,
73729;880,605,17,18,;0.981537938117981,
73730;880,605,17,18,;0.9714966416358948,
73731;879,606,17,17,;0.9949357509613037,
73732;880,607,16,16,;0.9946242570877075,
73733;880,606,16,17,;0.9968482255935669,
73734;878,606,17,18,;0.9925956726074219,
73735;878,606,17,18,;0.9914904832839966,
73736;879,605,17,18,;0.9932752251625061,
73737;879,605,17,18,;0.9889621138572693,
73738;879,606,16,18,;0.9944220185279846,
73739;879,606,15,17,;0.9985422492027283,
73740;879,606,16,17,;0.9974725842475891,
73741;879,606,16,17,;0.9975730180740356,
73742;879,605,16,17,;0.9988194108009338,
73743;879,605,15,17,;0.999239981174469,
73744;879,605,15,17,;0.998842716217041,
73745;879,606,15,17,;0.9960814118385315,
73746;879,607,15,17,;0.9947428703308105,
73747;879,607,16,18,;0.9846147298812866,
73748;879,605,16,19,;0.9691482782363892,
73749;879,606,16,19,;0.9754535555839539,
73750;879,607,16,18,;0.9939272403717041,
73751;879,605,15,19,;0.8390672206878662,
73752;878,605,15,19,;0.8154193758964539,
73753;880,606,14,19,;0.7240848541259766,
73754;879,607,15,18,;0.9415801763534546,
73755;879,606,15,19,;0.856269121170044,
73756;879,605,14,19,;0.7241805791854858,
73757;878,605,15,19,;0.7719424366950989,
73758;876,603,15,20,;0.8178858160972595,
73760;875,601,17,23,;0.7796257734298706,
73761;875,601,17,22,;0.8375023603439331,
73762;876,602,15,20,;0.9580137729644775,
73763;875,603,15,20,;0.9838257431983948,
73764;875,604,15,20,;0.9812469482421875,
73765;876,603,16,22,;0.8565918207168579,
73766;874,604,17,21,;0.8111923336982727,
73767;875,605,16,20,;0.9861003160476685,
73768;874,604,17,20,;0.9808899164199829,
73769;873,604,17,19,;0.9850996136665344,
73770;874,604,17,21,;0.8148475885391235,
73771;874,604,18,21,;0.8693984150886536,
73772;875,604,17,20,;0.9726577401161194,
73773;875,604,16,19,;0.9895042181015015,
73774;875,605,16,20,;0.9582500457763672,
73775;875,603,16,19,;0.9788659811019897,
73776;874,603,17,20,;0.9955952167510986,
73777;874,604,17,20,;0.99973064661026,
73778;874,604,16,20,;0.999588668346405,
73779;873,604,17,20,;0.9989232420921326,
73780;873,604,17,20,;0.9995126724243164,
73781;873,604,17,19,;0.9997828602790833,
73782;872,604,17,19,;0.9997574687004089,
73783;872,604,17,19,;0.999708354473114,
73784;874,605,16,18,;0.9990792274475098,
73785;873,604,16,19,;0.9949738383293152,
73786;872,605,16,18,;0.9990928769111633,
73787;872,605,16,18,;0.999104917049408,
73788;873,604,16,19,;0.9973939061164856,
73789;873,604,16,19,;0.9981683492660522,
73790;871,605,16,18,;0.9994273781776428,
73791;871,605,16,18,;0.9997705817222595,
73792;870,605,16,17,;0.9995265603065491,
73793;869,605,15,18,;0.9995678067207336,
73794;869,604,16,18,;0.9996758699417114,
73795;868,604,15,19,;0.999483585357666,
73796;868,603,16,19,;0.9997469782829285,
73797;868,604,15,18,;0.9997462630271912,
73798;869,604,15,17,;0.9998553991317749,
73799;868,604,16,17,;0.9998548030853271,
73800;867,604,15,17,;0.9999312162399292,
73801;867,603,15,17,;0.9999266862869263,
73802;865,604,16,17,;0.9999016523361206,
73803;865,603,16,18,;0.9999508857727051,
73804;866,603,16,18,;0.9999606609344482,
73805;867,603,16,17,;0.9999113082885742,
73806;867,602,15,18,;0.9999016523361206,
73807;867,602,15,18,;0.9998987913131714,
73808;867,602,16,18,;0.999854564666748,
73809;867,601,16,19,;0.9998787641525269,
73810;868,602,15,18,;0.9998962879180908,
73811;867,602,15,18,;0.9998760223388672,
73812;867,602,15,18,;0.9998770952224731,
73813;868,602,16,17,;0.9999188184738159,
73814;867,602,15,18,;0.9998767375946045,
73815;867,602,16,18,;0.9998912811279297,
73816;866,602,16,18,;0.9998089075088501,
73817;866,601,16,19,;0.9998239278793335,
73818;866,602,17,18,;0.9998352527618408,
73819;866,601,16,19,;0.9998760223388672,
73820;866,602,16,18,;0.9999045133590698,
73821;866,601,16,19,;0.9999144077301025,
73822;866,601,16,18,;0.999933123588562,
73823;865,600,16,19,;0.9999202489852905,
73824;866,600,16,19,;0.9998950958251953,
73825;865,600,16,19,;0.9998729228973389,
73826;864,600,17,20,;0.9998910427093506,
73827;863,600,17,20,;0.9998914003372192,
73828;865,599,16,19,;0.9998912811279297,
73829;864,600,16,19,;0.9999092817306519,
73830;864,599,16,19,;0.9999176263809204,
73831;864,599,16,20,;0.9999181032180786,
73832;863,599,16,20,;0.999942421913147,
73833;863,599,16,20,;0.9999382495880127,
73834;863,599,16,20,;0.9999438524246216,
73835;863,599,16,20,;0.9999290704727173,
73836;863,598,16,20,;0.9999275207519531,
73837;863,597,16,21,;0.9999222755432129,
73838;863,598,16,20,;0.9998794794082642,
73839;862,597,16,21,;0.9998581409454346,
73840;861,597,16,21,;0.9998679161071777,
73841;861,597,16,21,;0.9998726844787598,
73842;858,596,17,21,;0.9999158382415771,
73843;859,596,17,21,;0.9998772144317627,
73844;858,596,17,21,;0.999850869178772,
73845;859,596,16,22,;0.9991807341575623,
73846;859,595,16,23,;0.999270498752594,
73847;858,596,17,22,;0.9994527697563171,
73848;858,596,17,22,;0.9995731711387634,
73849;859,596,16,22,;0.9989812970161438,
73850;858,594,16,23,;0.9984760880470276,
73851;857,594,16,23,;0.9985392093658447,
73852;858,594,16,22,;0.998768150806427,
73853;857,593,16,23,;0.9984334111213684,
73854;857,593,17,22,;0.9986836910247803,
73855;857,593,17,21,;0.9994176030158997,
73856;856,594,17,21,;0.999617338180542,
73857;855,594,17,22,;0.9997637867927551,
73858;855,594,18,22,;0.9998667240142822,
73859;854,594,18,22,;0.9998921155929565,
73860;854,592,18,23,;0.9998971223831177,
73861;855,592,18,23,;0.9998791217803955,
73862;854,592,18,23,;0.9997665286064148,
73863;853,591,19,23,;0.9997745156288147,
73864;852,591,19,23,;0.9995635151863098,
73865;852,591,19,23,;0.9996232986450195,
73866;853,592,18,22,;0.9994527697563171,
73867;854,592,18,22,;0.9996978640556335,
73868;853,591,18,23,;0.9996365308761597,
73869;851,591,19,23,;0.999584972858429,
73870;851,591,19,23,;0.9995115995407104,
73871;850,591,19,23,;0.9996700286865234,
73872;851,589,18,23,;0.9999229907989502,
73873;850,589,19,24,;0.999958872795105,
73874;850,589,19,24,;0.9999487400054932,
73875;850,588,19,24,;0.9999504089355469,
73876;850,588,18,24,;0.999911904335022,
73877;849,588,18,24,;0.9999016523361206,
73878;849,587,18,24,;0.9999064207077026,
73879;849,587,18,24,;0.9999181032180786,
73880;849,587,18,24,;0.9999157190322876,
73881;849,586,18,25,;0.9998631477355957,
73882;849,585,18,25,;0.9995730519294739,
73883;849,585,18,25,;0.9994969367980957,
73884;848,585,18,25,;0.9997733235359192,
73885;847,585,19,25,;0.9998874664306641,
73886;846,585,19,25,;0.9999439716339111,
73887;845,585,19,25,;0.9999459981918335,
73888;845,584,19,25,;0.9999500513076782,
73889;845,583,20,25,;0.9999414682388306,
73890;845,583,20,25,;0.999930739402771,
73891;845,583,19,26,;0.9999442100524902,
73892;844,583,20,25,;0.9999812841415405,
73893;845,583,20,25,;0.9999891519546509,
73894;844,582,20,25,;0.9999860525131226,
73895;844,582,20,25,;0.999984860420227,
73896;844,582,20,26,;0.9999755620956421,
73897;842,581,21,26,;0.9999651908874512,
73898;841,581,21,26,;0.9999618530273438,
73899;841,581,21,26,;0.9999581575393677,
73900;841,580,21,26,;0.9999556541442871,
73901;840,580,21,26,;0.9999295473098755,
73902;840,580,21,26,;0.99992835521698,
73903;840,579,22,26,;0.9999382495880127,
73904;839,579,22,26,;0.999930739402771,
73905;839,578,22,27,;0.9999345541000366,
73906;839,579,22,26,;0.9999570846557617,
73907;839,579,22,26,;0.9999426603317261,
73908;837,577,23,27,;0.9995494484901428,
73909;836,577,22,28,;0.9995402693748474,
73910;836,577,21,28,;0.9999120235443115,
73911;835,575,22,29,;0.9999712705612183,
73912;835,576,22,29,;0.999901533126831,
73913;834,575,23,30,;0.9998369216918945,
73914;834,575,23,29,;0.9999632835388184,
73915;835,574,24,30,;0.9999696016311646,
73916;834,574,24,29,;0.9999948740005493,
73917;834,574,23,29,;0.9999953508377075,
73918;833,573,23,29,;0.9999935626983643,
73919;831,573,23,29,;0.9999964237213135,
73920;830,572,23,29,;0.9999960660934448,
73921;829,572,24,29,;0.9999966621398926,
73922;829,572,24,29,;0.9999951124191284,
73923;829,571,23,30,;0.9999934434890747,
73924;828,571,24,30,;0.9999904632568359,
73925;828,570,24,29,;0.9999810457229614,
73926;828,571,24,29,;0.9999737739562988,
73927;826,571,25,30,;0.9999512434005737,
73928;826,570,25,30,;0.9999731779098511,
73929;826,569,26,30,;0.9999549388885498,
73930;826,568,26,31,;0.9998427629470825,
73931;826,567,26,31,;0.999798595905304,
73932;826,567,26,31,;0.9998551607131958,
73933;825,567,26,31,;0.9997619986534119,
73934;822,568,27,30,;0.9996992945671082,
73935;821,566,26,32,;0.999885082244873,
73936;820,566,27,32,;0.9998946189880371,
73937;821,564,26,32,;0.9997275471687317,
73938;820,563,27,33,;0.9998676776885986,
73939;821,564,26,32,;0.9998478889465332,
73940;820,563,25,31,;0.9998620748519897,
73941;818,563,27,32,;0.9999266862869263,
73942;819,563,26,32,;0.9999449253082275,
73943;818,562,27,32,;0.9999587535858154,
73944;817,561,28,33,;0.9999626874923706,
73945;815,560,30,34,;0.9999631643295288,
73946;815,560,29,34,;0.9999603033065796,
73947;816,560,27,34,;0.9999477863311768,
73948;816,560,28,34,;0.9999393224716187,
73949;814,559,30,35,;0.9999516010284424,
73950;811,558,30,35,;0.9999809265136719,
73951;811,557,30,35,;0.9999853372573853,
73952;811,556,30,36,;0.9999781847000122,
73953;808,555,31,36,;0.9999722242355347,
73954;809,553,31,37,;0.999953031539917,
73955;808,553,32,37,;0.9999698400497437,
73956;808,553,32,37,;0.9999583959579468,
73957;806,552,31,38,;0.9999663829803467,
73958;806,551,31,38,;0.9999672174453735,
73959;805,550,32,38,;0.999975323677063,
73960;806,549,30,39,;0.999972939491272,
73961;806,550,29,38,;0.999984622001648,
73962;803,550,31,38,;0.9999833106994629,
73963;803,549,31,38,;0.9999862909317017,
73964;803,549,32,38,;0.999983549118042,
73965;803,547,31,39,;0.9999843835830688,
73966;803,545,29,41,;0.9999891519546509,
73967;801,544,31,41,;0.9999964237213135,
73968;800,544,31,41,;0.9999969005584717,
73969;798,542,31,41,;0.9999963045120239,
73970;799,541,30,42,;0.9999958276748657,
73971;797,541,31,41,;0.9999947547912598,
73972;797,539,31,43,;0.9999922513961792,
73973;795,540,32,42,;0.9998887777328491,
73974;794,539,31,44,;0.9999173879623413,
73975;794,538,32,42,;0.9998151659965515,
73976;795,538,30,42,;0.9999474287033081,
73977;795,537,30,42,;0.9999769926071167,
73978;791,536,32,43,;0.9999977350234985,
73979;789,535,31,43,;0.9999939203262329,
73980;788,533,31,43,;0.9999927282333374,
73981;788,533,32,43,;0.9999839067459106,
73982;787,532,32,43,;0.9999880790710449,
73983;785,532,34,44,;0.9999901056289673,
73984;783,530,35,44,;0.9999741315841675,
73985;784,531,34,42,;0.9999865293502808,
73986;781,529,35,43,;0.9999876022338867,
73987;780,530,35,43,;0.9999842643737793,
73988;778,529,37,43,;0.9999881982803345,
73989;778,528,38,44,;0.9999905824661255,
73990;776,526,39,43,;0.99998939037323,
73991;774,525,37,45,;0.9999899864196777,
73992;774,524,38,45,;0.9999933242797852,
73993;774,523,38,44,;0.999990701675415,
73994;772,522,40,45,;0.9999910593032837,
73995;770,521,39,46,;0.9999935626983643,
73996;768,519,39,48,;0.9999924898147583,
73997;768,517,40,49,;0.9999935626983643,
73998;767,517,40,48,;0.9999921321868896,
73999;766,517,40,48,;0.9999817609786987,
74000;765,514,39,48,;0.999895453453064,
74001;763,513,41,49,;0.9999737739562988,
74002;761,512,41,50,;0.9999837875366211,
74003;760,511,41,50,;0.9999884366989136,
74004;758,509,41,51,;0.9999927282333374,
74005;756,508,41,52,;0.9999951124191284,
74006;755,506,41,53,;0.9999929666519165,
74007;755,504,42,53,;0.9999914169311523,
74008;753,505,42,52,;0.9999948740005493,
74009;752,504,41,52,;0.9999974966049194,
74010;751,501,42,53,;0.9999985694885254,
74011;750,500,44,53,;0.9999984502792358,
74012;749,498,42,54,;0.9999960660934448,
74013;746,494,43,56,;0.9999942779541016,
74014;743,494,45,56,;0.9999891519546509,
74015;740,492,45,58,;0.999913215637207,
74016;738,490,45,59,;0.99979168176651,
74017;737,488,46,58,;0.9994390606880188,
74018;737,488,46,58,;0.9997443556785583,
74019;735,485,46,58,;0.999839186668396,
74020;731,484,49,58,;0.9996289014816284,
74021;731,483,48,58,;0.9995433688163757,
74022;726,479,49,62,;0.999682605266571,
74023;725,477,50,63,;0.9997731447219849,
74024;723,475,49,64,;0.9998245239257812,
74025;720,473,50,65,;0.9999434947967529,
74026;719,471,50,65,;0.99996018409729,
74027;716,470,50,64,;0.9999879598617554,
74028;712,465,53,69,;0.9999727010726929,
74029;711,464,51,69,;0.9998255968093872,
74030;710,461,52,69,;0.9999823570251465,
74031;709,461,52,67,;0.9999953508377075,
74032;704,458,53,70,;0.9999819993972778,
74033;701,455,55,71,;0.999972939491272,
74034;697,454,55,70,;0.9999667406082153,
74035;693,450,57,71,;0.9999477863311768,
74036;693,448,55,71,;0.9999371767044067,
74037;689,445,57,73,;0.9999600648880005,
74038;687,441,56,75,;0.9999700784683228,
74039;683,440,59,75,;0.999931812286377,
74040;680,437,60,75,;0.9999563694000244,
74041;676,433,61,75,;0.999976634979248,
74042;673,430,60,79,;0.9999904632568359,
74043;671,431,62,73,;0.9999841451644897,
74044;665,423,63,82,;0.9999899864196777,
74045;660,420,66,81,;0.999988317489624,
74046;657,418,66,82,;0.9999837875366211,
74047;655,412,65,86,;0.9999077320098877,
74048;651,410,65,85,;0.9999442100524902,
74049;646,407,67,85,;0.9999529123306274,
74050;641,401,70,89,;0.9999717473983765,
74051;637,397,71,91,;0.9999922513961792,
74052;632,393,74,93,;0.9999971389770508,
74053;628,391,74,92,;0.999954342842102,
74054;623,384,74,95,;0.9999862909317017,
74055;618,379,73,98,;0.9999749660491943,
74056;614,375,74,100,;0.9999898672103882,
74057;609,370,76,101,;0.9999901056289673,
74058;601,364,80,104,;0.9999797344207764,
74059;597,360,79,104,;0.9999754428863525,
74060;590,351,82,111,;0.9999961853027344,
74061;575,343,94,125,584,348,83,108,;0.7825966477394104,0.9999819993972778,
74062;578,341,83,112,;0.9999865293502808,
74063;564,331,88,124,571,334,87,115,;0.9816839098930359,0.9999592304229736,
74064;562,325,91,125,566,328,86,119,;0.9985103011131287,0.9999701976776123,
74065;556,322,94,118,557,323,90,118,;0.9995084404945374,0.9999902248382568,
74066;547,316,97,117,549,317,92,117,;0.9983415007591248,0.9999881982803345,
74067;539,312,100,115,541,307,94,123,;0.9997677206993103,0.9993250966072083,
74068;531,301,99,126,534,298,93,129,;0.9999887943267822,0.9999470710754395,
74069;523,291,100,130,524,291,97,129,;0.9999520778656006,0.9987766742706299,
74070;510,283,106,131,519,281,89,138,;0.9999498128890991,0.9892112016677856,
74071;502,273,106,136,509,277,98,136,;0.9999697208404541,0.9672122001647949,
74072;490,263,109,141,;0.9999443292617798,
74073;484,257,107,138,;0.9999850988388062,
74074;469,247,116,142,;0.9999877214431763,
74075;459,236,117,144,;0.9999862909317017,
74076;448,224,123,150,;0.9999939203262329,
74077;431,211,125,155,;0.9999688863754272,
74078;420,197,126,163,;0.9999836683273315,
74079;404,186,131,166,;0.9999885559082031,
74080;386,171,137,171,;0.9999921321868896,
74081;377,158,133,171,;0.9999897480010986,
74082;354,142,150,181,;0.9999974966049194,
74083;338,125,150,186,;0.9999885559082031,
74084;317,104,153,200,;0.9999809265136719,
74085;292,88,164,198,;0.9999949932098389,
74086;275,61,162,218,;0.9999825954437256,
74087;250,43,173,221,;0.9999531507492065,
74088;221,18,182,229,;0.9998993873596191,
74089;191,0,189,229,;0.999687135219574,
74090;157,-12,199,223,;0.9983769059181213,
